-------
{ 0 1 12 13 18 26 32 34 36 47 53 71 78 79 94 114 115 130 132 137 146 157 163 174 182 189 196 198 201 210 212 230 232 243 245 247 249 250 251 290 301 303 323 330 337 339 340 341 359 367 370 380 382 384 385 386 393 408 413 425 430 441 444 449 450 457 459 463 467 501 509 510 514 515 523 555 560 561 563 577 584 593 595 602 605 611 638 646 695 700 701 742 752 765 773 782 796 800 804 807 816 850 879 889 929 939 940 946 966 1002 1010 1049 1093 1101 1150 1168 1205 1241 1253 1268 1334 1347 }
{ 2 37 38 371 549 625 809 932 1238 }
{ 3 195 197 242 319 338 458 490 506 586 601 632 647 671 744 750 774 776 794 861 875 881 884 892 914 931 938 974 985 991 996 1029 1046 1068 1139 1140 1172 1213 1306 1339 1372 1409 1441 1443 }
{ 4 277 403 417 464 526 608 653 844 970 1025 1137 1177 1461 }
{ 5 30 105 108 154 244 293 331 453 891 1013 1327 }
{ 6 52 110 131 147 275 322 361 377 381 397 406 411 427 439 497 520 522 535 559 574 622 641 649 650 758 802 808 813 846 867 876 905 943 993 997 1031 1033 1071 1105 1117 1123 1152 1164 1166 1169 1173 1214 1229 1230 1256 1273 1276 1287 1290 1294 1295 1303 1335 1340 1345 1368 1391 1410 1412 1414 1417 1419 1422 1457 1460 1471 1472 1493 }
{ 7 17 27 126 143 144 164 178 191 280 284 304 316 342 346 355 410 418 428 437 474 484 487 488 493 494 496 562 598 686 719 731 747 748 749 855 857 874 984 986 990 1127 1165 1329 }
{ 8 16 20 54 63 65 101 135 140 141 145 153 167 241 255 256 285 354 412 446 447 456 477 532 553 554 581 583 594 679 681 705 743 751 753 756 764 799 885 917 972 1008 1032 1052 1136 1151 1286 1367 1371 1379 1383 }
{ 9 142 257 258 259 260 263 264 266 276 291 348 396 400 402 409 421 423 440 508 524 533 579 588 589 660 735 840 841 847 971 977 1022 1121 1265 1404 1406 1408 }
{ 10 62 158 267 378 678 699 817 878 981 992 1005 1125 1266 1272 1336 1395 1411 }
{ 11 235 236 237 254 273 287 332 333 362 366 436 445 466 468 473 629 648 689 692 717 727 736 737 740 769 814 824 873 887 897 928 937 948 955 973 988 1024 1075 1080 1081 1109 1129 1133 1218 1225 1233 1254 1267 1271 1358 1359 1402 }
{ 14 289 492 504 507 575 590 768 853 886 982 1215 }
{ 15 148 160 294 558 569 592 596 715 757 760 762 849 856 871 899 978 994 1001 1004 1126 1134 1145 1146 1156 1257 1260 1264 1281 1292 1300 1304 1357 1396 1424 1425 1426 1428 1432 1438 }
{ 19 76 124 228 238 299 365 401 460 470 530 628 658 786 810 1351 }
{ 21 25 66 74 125 155 272 292 300 357 395 480 542 568 666 745 761 772 812 866 908 1000 1199 1442 1448 1478 }
{ 22 51 106 133 139 149 150 152 156 165 207 261 262 268 269 281 283 298 320 375 414 415 424 426 432 435 438 442 452 455 462 521 556 578 582 591 640 645 720 754 755 766 771 789 882 890 893 898 927 952 975 1009 1016 1018 1023 1028 1034 1073 1135 1171 }
{ 23 24 83 107 109 111 202 204 205 206 209 321 325 326 511 512 517 643 674 675 676 790 791 792 865 909 911 1184 1186 1321 1322 1323 }
{ 28 216 282 368 465 683 888 1128 1325 1374 }
{ 29 50 175 176 390 651 657 659 684 894 1065 1210 1337 }
{ 31 119 1064 1332 }
{ 33 40 185 193 312 547 610 662 851 859 944 980 1111 1262 1263 1403 1453 }
{ 35 134 246 360 486 519 663 811 821 913 934 1045 1050 }
{ 39 46 179 180 181 314 546 616 706 1246 }
{ 41 58 69 81 88 98 170 183 184 188 211 309 310 311 502 529 538 599 606 609 612 613 704 710 714 785 833 834 842 979 1037 1096 1179 1236 1240 1244 1376 1380 1384 1390 }
{ 42 44 95 96 99 224 248 448 478 482 539 541 551 614 620 626 709 713 836 964 1115 1239 1242 }
{ 43 168 231 369 373 543 702 835 1108 1227 1231 }
{ 45 84 162 307 }
{ 48 215 219 343 351 471 483 485 621 667 711 712 784 795 820 829 918 920 958 1036 1092 1467 }
{ 49 92 102 104 313 708 798 828 965 967 969 1061 1063 1106 1237 1375 }
{ 55 56 57 136 233 239 363 631 682 691 935 1348 }
{ 59 151 177 186 187 190 199 499 500 528 548 604 607 725 728 729 823 848 862 1130 1183 1255 1270 }
{ 60 91 }
{ 61 138 345 429 503 567 570 571 1020 1153 1170 1283 1319 }
{ 64 349 481 585 815 1054 1176 }
{ 67 80 513 900 902 1043 1245 1382 1455 }
{ 68 70 169 171 173 226 296 302 358 374 389 392 652 655 777 780 781 787 947 1312 1313 }
{ 72 75 77 112 297 661 783 1040 1041 1399 1452 }
{ 73 172 227 391 525 656 778 1038 1180 1201 1476 }
{ 82 707 831 }
{ 85 552 696 818 953 1087 1226 1364 1499 }
{ 86 253 1090 }
{ 87 89 100 103 240 305 306 317 318 336 550 615 619 697 830 960 962 1112 1249 1385 1387 1454 }
{ 90 308 545 827 852 961 968 1104 1113 1114 1247 }
{ 93 97 433 580 858 1158 }
{ 113 673 788 930 1042 1044 1314 1464 }
{ 116 117 118 213 356 664 797 801 924 925 959 1116 1194 }
{ 120 218 220 347 372 383 668 921 1191 1197 1465 }
{ 121 222 295 350 639 642 644 919 1055 1059 1062 1189 1301 1326 1330 1343 1421 1468 1473 1486 }
{ 122 217 }
{ 123 573 600 688 1030 1060 1190 1275 1288 1302 1331 1462 1481 }
{ 127 214 274 353 419 669 693 730 880 883 896 987 1003 1012 1021 1142 1154 1252 1261 1309 1418 1433 1436 1447 }
{ 128 203 324 327 516 518 672 793 1338 }
{ 129 252 329 }
{ 159 344 416 1099 1107 1174 1386 }
{ 161 469 472 630 634 635 733 734 738 739 936 949 950 951 1076 1079 1082 1083 1085 1086 1209 1221 1222 1224 1278 1350 1354 1360 1490 1496 1497 }
{ 166 983 1006 1019 1298 1341 }
{ 192 315 654 716 1228 1456 }
{ 194 564 603 637 775 869 915 1188 1333 }
{ 200 399 407 491 718 763 854 860 976 1235 1373 1440 }
{ 208 270 945 1220 1344 1483 }
{ 221 223 387 388 618 901 1056 1181 1200 1311 }
{ 225 1365 }
{ 229 234 364 475 941 1193 1491 1495 }
{ 265 1206 1307 }
{ 271 334 335 687 1202 }
{ 278 279 286 398 422 454 461 566 587 721 724 726 741 837 838 839 843 863 870 1007 1015 1120 1143 1144 1157 1269 1274 1299 1393 1401 1405 1420 1423 1430 1434 1437 1444 }
{ 288 845 868 995 1167 1211 1484 }
{ 328 895 1027 }
{ 352 537 698 912 916 956 1098 1100 1328 1366 1369 }
{ 376 685 933 1118 1203 1204 1243 1388 }
{ 379 498 505 597 723 1284 1415 }
{ 394 624 677 694 903 907 957 1316 1458 }
{ 404 443 557 576 770 803 805 806 1047 1161 1175 1196 }
{ 405 451 722 872 963 1132 1324 1416 1449 }
{ 420 767 923 989 999 1053 1124 1131 1159 1296 1320 1427 1429 1466 }
{ 431 926 1051 1091 1149 1470 }
{ 434 1067 1069 1480 }
{ 476 489 1212 1353 }
{ 479 1058 1192 }
{ 495 1258 1439 1463 }
{ 527 779 1208 1342 }
{ 531 572 822 864 877 1014 1122 1141 1163 1297 1308 1400 1489 }
{ 534 536 1094 1095 1097 1102 }
{ 540 544 623 690 703 }
{ 565 746 819 998 1048 1066 1070 1147 1148 1155 1162 1277 1279 1280 1282 1285 1291 1293 1305 1398 1413 1431 1435 1445 1446 1475 1479 1485 }
{ 617 1057 1195 1248 1469 }
{ 627 732 1077 1078 1217 1223 1355 1356 1361 1362 1363 1487 1488 1492 1494 1498 }
{ 633 636 942 1084 1219 1349 }
{ 665 670 825 1089 1232 }
{ 680 }
{ 759 1088 1103 1119 1138 1178 1182 1187 1198 1216 1234 }
{ 826 832 }
{ 904 906 1039 1315 1317 1318 1451 }
{ 910 1011 1017 1026 1074 1160 1185 1310 1346 1407 1459 1482 }
{ 922 1370 1381 }
{ 954 1289 1450 1477 }
{ 1035 1250 1251 1378 1389 }
{ 1072 1207 1352 1474 }
{ 1110 1377 }
{ 1259 1392 1394 1397 }
-------
{ 117 909 912 925 1211 1484 }
{ 185 784 835 903 905 957 1382 }
{ 1377 }
{ 85 696 818 }
{ 472 1103 1119 1178 1198 1216 }
{ 86 }
{ 252 534 615 1187 1328 }
{ 1087 1226 }
{ 166 235 466 636 1077 1208 1342 1355 1368 1498 }
{ 293 948 1072 1207 1352 1480 }
{ 253 1088 1283 1319 }
{ 119 351 670 920 1044 1092 1193 1195 }
{ 576 1161 }
{ 49 95 101 103 184 197 318 550 710 830 963 1096 1113 1240 1376 1380 1386 1387 }
{ 356 775 1054 }
{ 564 668 669 895 915 989 1006 1027 1188 1307 }
{ 746 868 995 1155 1157 1420 }
{ 1364 1499 }
{ 90 308 312 344 540 547 827 958 961 968 1104 1114 1204 1251 1371 }
{ 222 1073 1138 1292 1349 }
{ 60 187 369 699 711 817 1262 1351 1453 }
{ 617 644 1190 1192 1285 1331 }
{ 291 297 409 421 440 508 524 589 680 1121 1131 }
{ 788 902 1042 }
{ 193 852 1332 }
{ 307 399 1224 1365 }
{ 122 642 }
{ 237 360 486 913 945 1220 1344 1370 1483 }
{ 531 1141 }
{ 552 953 }
{ 62 121 127 392 800 1038 1060 1189 1303 1468 1486 }
{ 41 140 183 306 623 690 833 1236 }
{ 91 364 371 1238 1348 }
{ 67 223 225 1455 }
{ 687 832 858 1289 }
{ 1327 }
{ 89 182 224 343 537 546 697 820 829 956 960 962 969 1058 1089 1108 1381 }
{ 443 998 1341 }
{ 357 688 919 954 1094 1473 }
{ 160 161 164 294 342 405 407 461 469 569 592 630 633 634 635 715 732 734 735 739 757 762 763 856 899 910 942 949 950 951 952 1001 1004 1079 1082 1085 1086 1134 1146 1147 1148 1169 1177 1219 1221 1222 1223 1257 1278 1310 1350 1354 1356 1357 1360 1363 1396 1424 1425 1426 1428 1433 1462 1488 1490 1497 }
{ 80 120 168 347 372 383 525 621 654 667 904 906 1036 1039 1200 1201 1315 1317 1451 }
{ 151 1436 }
{ 313 352 478 483 616 694 708 916 1051 1057 1063 1098 1106 1112 1237 1366 1388 }
{ 10 63 158 162 349 419 693 862 878 981 992 1003 1012 1064 1125 1142 1411 1447 1496 }
{ 236 629 924 1080 1353 1362 1464 1474 1495 }
{ 1182 1185 1245 1247 }
{ 135 309 908 1037 1109 }
{ 465 1394 }
{ 295 348 795 803 1324 1330 1333 }
{ 38 83 106 123 128 195 202 203 206 208 209 251 282 320 321 322 324 380 433 512 516 517 518 519 536 570 643 663 698 703 761 790 791 821 914 1045 1049 1071 1095 1097 1102 1374 1412 1417 1463 }
{ 93 172 217 656 896 983 }
{ 155 331 672 793 930 1299 1423 }
{ 131 353 1404 1406 }
{ 37 221 551 1250 1378 1467 }
{ 543 1105 }
{ 124 544 549 707 }
{ 770 }
{ 277 362 417 487 494 608 627 658 733 737 738 844 1025 1359 1446 1494 }
{ 21 39 42 44 46 84 87 92 96 99 100 102 180 181 310 314 482 538 541 613 614 620 704 709 964 965 1056 1061 1115 1116 1117 1191 1239 1242 1246 1375 1384 }
{ 70 }
{ 29 186 811 }
{ 1469 }
{ 64 233 240 305 325 350 361 373 439 470 513 535 619 637 665 675 677 702 706 794 797 825 938 959 1194 1206 1218 1227 1231 1248 1493 }
{ 31 116 801 }
{ 434 572 824 864 877 1014 1019 1067 1122 1153 1297 1400 1401 1489 }
{ 391 1258 1271 }
{ 48 215 218 219 300 387 485 539 712 713 826 836 921 967 1181 1233 1311 1318 }
{ 266 400 1302 1476 }
{ 23 33 109 111 169 179 204 207 212 226 269 327 358 359 382 384 430 638 639 666 673 792 796 804 886 1062 1186 1314 1347 }
{ 97 }
{ 495 }
{ 25 56 57 1232 }
{ 872 923 1011 1026 1053 1118 1143 1159 1160 1203 1243 1288 1293 1296 1304 1320 1346 1410 1459 1466 1481 1482 }
{ 234 363 498 1491 }
{ 270 333 464 473 475 530 648 717 769 786 890 955 1084 1127 1129 1254 1321 1461 1470 }
{ 28 34 74 355 420 484 489 575 651 783 870 894 1059 1158 1338 1372 }
{ 118 618 834 917 922 1099 }
{ 558 871 978 994 1145 1281 1309 1439 }
{ 142 255 259 261 553 557 678 723 838 893 973 985 1055 1075 1140 1175 1235 1325 1358 1413 1492 }
{ 254 273 279 304 332 436 437 445 468 474 506 587 631 686 689 692 724 727 748 774 814 860 888 897 898 927 935 937 988 1021 1024 1074 1090 1120 1202 1225 1228 1260 1402 }
{ 5 30 105 107 108 154 156 159 205 272 278 288 326 374 428 429 453 454 480 511 566 591 645 674 721 812 839 865 891 934 1013 1016 1047 1050 1066 1167 1171 1264 1267 1300 1369 1430 1432 1478 }
{ 200 491 1144 1373 }
{ 7 47 175 216 242 284 287 328 488 527 561 731 742 743 747 758 760 854 879 970 982 1010 1028 1137 1139 1449 }
{ 220 479 1197 1326 1458 1465 }
{ 1005 1295 1336 1395 1416 }
{ 329 432 462 1029 }
{ 176 244 695 719 740 929 1212 1215 }
{ 43 52 129 231 275 345 365 377 381 397 398 406 411 427 481 497 505 520 522 559 567 574 585 622 641 649 650 664 685 741 744 759 767 789 802 806 808 813 815 819 841 846 851 861 867 873 880 884 911 943 987 993 996 1015 1020 1030 1031 1033 1048 1069 1070 1081 1083 1123 1152 1154 1162 1163 1164 1165 1170 1173 1174 1176 1184 1214 1217 1229 1230 1252 1256 1269 1273 1275 1276 1277 1279 1282 1284 1287 1290 1294 1305 1306 1308 1322 1323 1329 1335 1340 1343 1345 1391 1393 1403 1405 1414 1419 1422 1429 1431 1435 1441 1442 1444 1457 1460 1471 1472 1475 1477 1485 1487 }
{ 368 431 600 726 845 1274 1415 1427 }
{ 165 260 423 424 580 849 876 997 1035 1110 1124 1126 1132 1156 1265 1291 1301 1398 1407 1434 1438 }
{ 45 502 545 604 1255 1270 1389 1454 }
{ 2 8 12 16 20 54 112 141 144 145 146 167 213 246 256 257 263 267 271 276 285 335 341 354 395 412 441 446 447 456 463 493 496 503 532 554 581 583 595 640 679 681 749 753 764 779 799 855 941 1000 1008 1017 1032 1107 1111 1136 1151 1199 1234 1286 1379 }
{ 565 603 869 1007 1196 1266 1408 1437 1445 1479 }
{ 104 1259 1272 1298 1392 1397 }
{ 68 72 73 75 77 173 227 388 394 661 778 780 781 900 901 1040 1041 1043 1180 1316 }
{ 448 }
{ 61 138 366 571 573 671 736 928 936 1078 1209 1361 1440 1443 1450 }
{ 0 1 3 4 6 9 11 13 14 15 17 18 22 24 26 27 32 35 51 53 55 66 79 110 113 114 115 126 132 133 134 136 137 139 143 147 148 149 150 152 153 157 163 174 189 191 196 198 201 210 228 229 230 232 238 243 245 247 248 249 250 258 262 264 265 268 274 280 281 283 286 289 290 292 298 301 303 316 319 323 330 334 337 338 339 340 346 367 375 376 378 379 385 389 390 393 396 402 403 404 408 410 413 414 415 416 418 422 425 426 435 438 442 449 450 452 455 457 458 459 467 476 477 490 492 501 504 507 509 510 514 515 521 523 526 533 542 555 556 560 562 563 568 577 578 579 582 584 586 588 590 593 594 596 597 598 601 602 605 610 611 624 625 628 632 646 647 652 653 657 660 676 682 683 691 701 718 720 722 728 729 730 745 750 751 752 754 755 756 765 766 768 771 772 773 776 777 782 787 805 807 809 810 816 822 823 837 840 843 847 850 853 857 859 863 866 874 875 881 882 883 887 889 892 926 931 932 933 939 940 944 946 947 971 972 974 975 976 977 980 986 990 991 999 1002 1009 1018 1022 1023 1034 1046 1065 1068 1076 1091 1100 1101 1128 1133 1135 1149 1150 1166 1168 1172 1183 1205 1210 1213 1253 1261 1263 1268 1280 1312 1313 1334 1339 1367 1383 1399 1409 1418 1421 1448 }
{ 19 36 40 50 58 59 69 71 76 78 81 82 88 98 125 170 171 177 178 188 190 194 199 211 214 241 296 299 302 311 315 317 336 370 386 401 451 460 471 500 528 529 548 599 606 607 609 612 655 659 662 684 705 714 716 725 785 831 842 848 907 918 979 1130 1179 1249 1337 1385 1390 1452 1456 }
{ 65 94 130 192 239 444 499 626 700 798 828 885 966 984 1052 1093 1241 1244 }
-------
HAC average of average cluster similarities: 0.4387219137531178
HDC average of average cluster similarities: 0.45347077135251207
Clustering positive agreement: 0.007931555555555556
Clustering negative agreement: 0.928352
Clustering agreement composite: 0.9362835555555555
Clustering disagreement: 0.06371644444444446
