-------
{ 0 1 12 13 18 26 32 34 36 47 53 71 78 79 94 114 115 130 132 137 146 157 163 174 182 189 196 198 201 210 212 230 232 243 245 247 249 250 251 290 301 303 323 330 337 339 340 341 359 367 370 380 382 384 385 386 393 408 413 425 430 441 444 449 450 457 459 463 467 501 509 510 514 515 523 555 560 561 563 577 584 593 595 602 605 611 638 646 695 700 701 742 752 765 773 782 796 800 804 807 816 850 879 889 929 939 940 946 966 1002 1010 1049 1093 1101 1150 1168 1205 1241 1253 1268 1334 1347 }
{ 2 37 38 371 549 625 809 932 1238 }
{ 3 195 197 242 319 338 458 490 506 586 601 632 647 671 744 750 774 776 794 861 875 881 884 892 914 931 938 974 985 991 996 1029 1046 1068 1139 1140 1172 1213 1306 1339 1372 1409 1441 1443 }
{ 4 277 403 417 464 526 608 653 844 970 1025 1137 1177 1461 }
{ 5 30 105 108 154 244 293 331 453 891 1013 1327 }
{ 6 52 110 131 147 275 322 361 377 381 397 406 411 427 439 497 520 522 535 559 574 622 641 649 650 758 802 808 813 846 867 876 905 943 993 997 1031 1033 1071 1105 1117 1123 1152 1164 1166 1169 1173 1214 1229 1230 1256 1273 1276 1287 1290 1294 1295 1303 1335 1340 1345 1368 1391 1410 1412 1414 1417 1419 1422 1457 1460 1471 1472 1493 }
{ 7 17 27 126 143 144 164 178 191 280 284 304 316 342 346 355 410 418 428 437 474 484 487 488 493 494 496 562 598 686 719 731 747 748 749 855 857 874 984 986 990 1127 1165 1329 }
{ 8 16 20 54 63 65 101 135 140 141 145 153 167 241 255 256 285 354 412 446 447 456 477 532 553 554 581 583 594 679 681 705 743 751 753 756 764 799 885 917 972 1008 1032 1052 1136 1151 1286 1367 1371 1379 1383 }
{ 9 142 257 258 259 260 263 264 266 276 291 348 396 400 402 409 421 423 440 508 524 533 579 588 589 660 735 840 841 847 971 977 1022 1121 1265 1404 1406 1408 }
{ 10 62 158 267 378 678 699 817 878 981 992 1005 1125 1266 1272 1336 1395 1411 }
{ 11 235 236 237 254 273 287 332 333 362 366 436 445 466 468 473 629 648 689 692 717 727 736 737 740 769 814 824 873 887 897 928 937 948 955 973 988 1024 1075 1080 1081 1109 1129 1133 1218 1225 1233 1254 1267 1271 1358 1359 1402 }
{ 14 289 492 504 507 575 590 768 853 886 982 1215 }
{ 15 148 160 294 558 569 592 596 715 757 760 762 849 856 871 899 978 994 1001 1004 1126 1134 1145 1146 1156 1257 1260 1264 1281 1292 1300 1304 1357 1396 1424 1425 1426 1428 1432 1438 }
{ 19 76 124 228 238 299 365 401 460 470 530 628 658 786 810 1351 }
{ 21 25 66 74 125 155 272 292 300 357 395 480 542 568 666 745 761 772 812 866 908 1000 1199 1442 1448 1478 }
{ 22 51 106 133 139 149 150 152 156 165 207 261 262 268 269 281 283 298 320 375 414 415 424 426 432 435 438 442 452 455 462 521 556 578 582 591 640 645 720 754 755 766 771 789 882 890 893 898 927 952 975 1009 1016 1018 1023 1028 1034 1073 1135 1171 }
{ 23 24 83 107 109 111 202 204 205 206 209 321 325 326 511 512 517 643 674 675 676 790 791 792 865 909 911 1184 1186 1321 1322 1323 }
{ 28 216 282 368 465 683 888 1128 1325 1374 }
{ 29 50 175 176 390 651 657 659 684 894 1065 1210 1337 }
{ 31 119 1064 1332 }
{ 33 40 185 193 312 547 610 662 851 859 944 980 1111 1262 1263 1403 1453 }
{ 35 134 246 360 486 519 663 811 821 913 934 1045 1050 }
{ 39 46 179 180 181 314 546 616 706 1246 }
{ 41 58 69 81 88 98 170 183 184 188 211 309 310 311 502 529 538 599 606 609 612 613 704 710 714 785 833 834 842 979 1037 1096 1179 1236 1240 1244 1376 1380 1384 1390 }
{ 42 44 95 96 99 224 248 448 478 482 539 541 551 614 620 626 709 713 836 964 1115 1239 1242 }
{ 43 168 231 369 373 543 702 835 1108 1227 1231 }
{ 45 84 162 307 }
{ 48 215 219 343 351 471 483 485 621 667 711 712 784 795 820 829 918 920 958 1036 1092 1467 }
{ 49 92 102 104 313 708 798 828 965 967 969 1061 1063 1106 1237 1375 }
{ 55 56 57 136 233 239 363 631 682 691 935 1348 }
{ 59 151 177 186 187 190 199 499 500 528 548 604 607 725 728 729 823 848 862 1130 1183 1255 1270 }
{ 60 91 }
{ 61 138 345 429 503 567 570 571 1020 1153 1170 1283 1319 }
{ 64 349 481 585 815 1054 1176 }
{ 67 80 513 900 902 1043 1245 1382 1455 }
{ 68 70 169 171 173 226 296 302 358 374 389 392 652 655 777 780 781 787 947 1312 1313 }
{ 72 75 77 112 297 661 783 1040 1041 1399 1452 }
{ 73 172 227 391 525 656 778 1038 1180 1201 1476 }
{ 82 707 831 }
{ 85 552 696 818 953 1087 1226 1364 1499 }
{ 86 253 1090 }
{ 87 89 100 103 240 305 306 317 318 336 550 615 619 697 830 960 962 1112 1249 1385 1387 1454 }
{ 90 308 545 827 852 961 968 1104 1113 1114 1247 }
{ 93 97 433 580 858 1158 }
{ 113 673 788 930 1042 1044 1314 1464 }
{ 116 117 118 213 356 664 797 801 924 925 959 1116 1194 }
{ 120 218 220 347 372 383 668 921 1191 1197 1465 }
{ 121 222 295 350 639 642 644 919 1055 1059 1062 1189 1301 1326 1330 1343 1421 1468 1473 1486 }
{ 122 217 }
{ 123 573 600 688 1030 1060 1190 1275 1288 1302 1331 1462 1481 }
{ 127 214 274 353 419 669 693 730 880 883 896 987 1003 1012 1021 1142 1154 1252 1261 1309 1418 1433 1436 1447 }
{ 128 203 324 327 516 518 672 793 1338 }
{ 129 252 329 }
{ 159 344 416 1099 1107 1174 1386 }
{ 161 469 472 630 634 635 733 734 738 739 936 949 950 951 1076 1079 1082 1083 1085 1086 1209 1221 1222 1224 1278 1350 1354 1360 1490 1496 1497 }
{ 166 983 1006 1019 1298 1341 }
{ 192 315 654 716 1228 1456 }
{ 194 564 603 637 775 869 915 1188 1333 }
{ 200 399 407 491 718 763 854 860 976 1235 1373 1440 }
{ 208 270 945 1220 1344 1483 }
{ 221 223 387 388 618 901 1056 1181 1200 1311 }
{ 225 1365 }
{ 229 234 364 475 941 1193 1491 1495 }
{ 265 1206 1307 }
{ 271 334 335 687 1202 }
{ 278 279 286 398 422 454 461 566 587 721 724 726 741 837 838 839 843 863 870 1007 1015 1120 1143 1144 1157 1269 1274 1299 1393 1401 1405 1420 1423 1430 1434 1437 1444 }
{ 288 845 868 995 1167 1211 1484 }
{ 328 895 1027 }
{ 352 537 698 912 916 956 1098 1100 1328 1366 1369 }
{ 376 685 933 1118 1203 1204 1243 1388 }
{ 379 498 505 597 723 1284 1415 }
{ 394 624 677 694 903 907 957 1316 1458 }
{ 404 443 557 576 770 803 805 806 1047 1161 1175 1196 }
{ 405 451 722 872 963 1132 1324 1416 1449 }
{ 420 767 923 989 999 1053 1124 1131 1159 1296 1320 1427 1429 1466 }
{ 431 926 1051 1091 1149 1470 }
{ 434 1067 1069 1480 }
{ 476 489 1212 1353 }
{ 479 1058 1192 }
{ 495 1258 1439 1463 }
{ 527 779 1208 1342 }
{ 531 572 822 864 877 1014 1122 1141 1163 1297 1308 1400 1489 }
{ 534 536 1094 1095 1097 1102 }
{ 540 544 623 690 703 }
{ 565 746 819 998 1048 1066 1070 1147 1148 1155 1162 1277 1279 1280 1282 1285 1291 1293 1305 1398 1413 1431 1435 1445 1446 1475 1479 1485 }
{ 617 1057 1195 1248 1469 }
{ 627 732 1077 1078 1217 1223 1355 1356 1361 1362 1363 1487 1488 1492 1494 1498 }
{ 633 636 942 1084 1219 1349 }
{ 665 670 825 1089 1232 }
{ 680 }
{ 759 1088 1103 1119 1138 1178 1182 1187 1198 1216 1234 }
{ 826 832 }
{ 904 906 1039 1315 1317 1318 1451 }
{ 910 1011 1017 1026 1074 1160 1185 1310 1346 1407 1459 1482 }
{ 922 1370 1381 }
{ 954 1289 1450 1477 }
{ 1035 1250 1251 1378 1389 }
{ 1072 1207 1352 1474 }
{ 1110 1377 }
{ 1259 1392 1394 1397 }
-------
{ 347 351 916 1103 1187 1216 }
{ 1017 1158 }
{ 62 350 1195 1206 1288 1469 }
{ 395 784 902 907 1180 1365 1455 1464 }
{ 222 930 933 1042 1057 }
{ 86 1074 1160 1243 1388 1473 1482 }
{ 1094 1458 }
{ 1041 }
{ 85 818 }
{ 1226 1364 }
{ 231 372 630 637 1218 1221 1495 }
{ 552 953 1087 1499 }
{ 81 343 485 502 842 918 1238 1386 }
{ 48 118 220 256 355 484 617 820 925 1055 1059 1091 1092 1330 1486 }
{ 97 }
{ 119 642 832 1200 1315 1318 1476 }
{ 1198 }
{ 1077 1219 1223 1356 1362 1363 1492 }
{ 357 537 664 920 959 1044 1102 1189 1194 1463 }
{ 39 616 1246 }
{ 572 1014 1084 1122 1136 1297 1309 1400 1489 }
{ 272 536 680 1062 1095 1343 }
{ 37 354 644 }
{ 46 193 312 828 1111 1241 1250 1351 }
{ 33 93 159 248 610 947 1262 1453 }
{ 235 237 636 689 737 1355 1359 }
{ 356 503 570 868 1175 1296 1329 1333 1341 1427 }
{ 65 91 823 1119 }
{ 699 1078 1080 1225 }
{ 168 388 901 903 1182 1451 }
{ 291 433 443 554 640 764 1007 1306 1314 1379 }
{ 8 145 160 167 200 271 273 399 407 436 559 564 739 795 824 883 897 899 954 955 978 1145 1159 1208 1224 1278 1342 1354 1373 1496 }
{ 900 1316 }
{ 307 }
{ 709 778 1110 1377 }
{ 1178 }
{ 670 1370 }
{ 112 391 1038 1281 1313 }
{ 80 906 1272 1317 1394 }
{ 70 169 226 353 374 392 526 652 656 785 895 934 1326 }
{ 55 129 252 761 }
{ 45 825 }
{ 696 }
{ 306 394 513 677 }
{ 541 543 703 852 1104 1107 1232 }
{ 90 218 221 223 313 383 387 482 957 961 1056 1089 1191 1248 1311 1328 1346 }
{ 508 845 }
{ 1088 }
{ 87 95 101 103 180 311 405 529 545 547 550 604 619 622 830 848 958 963 1043 1113 1201 1270 1382 1384 1387 1454 }
{ 1006 1019 }
{ 565 1069 1260 1480 }
{ 41 42 44 99 100 179 181 215 224 225 309 310 314 315 478 483 538 539 613 615 618 620 697 712 713 798 836 922 962 964 965 967 969 1061 1063 1112 1115 1116 1211 1239 1381 1385 }
{ 506 724 731 838 860 970 1083 1120 1167 1261 1406 1408 }
{ 1138 1349 }
{ 162 217 1196 1259 1298 1397 }
{ 667 826 858 1193 }
{ 124 185 325 369 534 546 675 678 690 702 829 835 956 1108 1227 }
{ 116 }
{ 77 108 261 266 297 348 400 409 440 524 1066 1121 1307 1399 }
{ 117 434 682 759 769 775 924 1202 1470 }
{ 14 25 31 128 182 227 239 247 337 370 463 467 477 492 532 540 560 583 624 679 691 698 705 745 768 801 908 912 980 1010 1051 1052 1093 1168 1199 1215 1312 1367 1371 }
{ 104 158 242 458 511 808 872 878 880 911 991 1008 1012 1123 1132 1141 1142 1151 1154 1176 1252 1273 1294 1411 1412 1416 1421 1447 }
{ 873 }
{ 83 202 324 512 }
{ 56 173 176 302 389 438 481 527 716 813 }
{ 58 82 89 96 183 194 308 317 612 614 704 708 827 833 968 1106 1236 1237 1249 1375 }
{ 43 694 831 1467 }
{ 67 788 1185 1203 1320 1456 1462 1481 }
{ 558 871 1301 }
{ 525 783 }
{ 172 816 851 1040 1181 }
{ 520 522 641 650 1277 1460 }
{ 138 205 236 254 366 625 736 928 941 }
{ 2 13 63 141 142 257 263 276 285 289 390 421 447 507 580 581 595 660 743 850 854 945 976 1253 1263 1268 1353 1484 }
{ 921 1233 }
{ 531 585 806 905 1054 1067 1308 1361 1443 }
{ 19 40 47 50 53 57 59 60 66 71 74 76 78 94 123 130 164 165 170 171 177 178 186 189 190 191 192 195 196 197 199 207 214 229 233 241 245 251 296 300 304 316 318 319 330 336 338 341 344 364 365 385 386 437 444 471 499 500 501 528 548 549 609 651 655 658 659 671 684 685 700 701 710 725 787 794 810 859 879 914 935 966 1036 1045 1046 1071 1096 1100 1130 1166 1174 1228 1255 1339 1348 1369 1374 1452 }
{ 107 110 793 890 995 1157 }
{ 34 35 133 246 358 360 486 519 663 811 821 913 1050 }
{ 49 219 240 668 904 1197 1251 }
{ 431 1064 }
{ 16 20 144 153 157 267 283 287 349 367 403 424 448 450 464 475 494 551 575 578 722 747 751 771 855 885 990 1022 1028 1032 1125 1127 1286 1378 1474 }
{ 68 69 72 75 88 98 102 135 140 184 188 211 401 495 599 606 607 661 662 714 729 753 780 781 834 917 979 1000 1037 1114 1179 1240 1244 1376 1380 1383 1390 }
{ 687 }
{ 626 1242 1245 1247 }
{ 125 253 329 371 566 1047 1204 }
{ 121 346 815 1327 }
{ 52 154 259 275 286 322 323 345 375 377 427 428 567 600 603 726 744 746 767 791 792 809 861 865 876 881 884 923 927 973 985 996 997 1020 1030 1070 1118 1124 1153 1155 1169 1170 1183 1184 1190 1256 1258 1266 1279 1282 1283 1284 1289 1292 1293 1295 1302 1303 1319 1322 1323 1393 1395 1398 1405 1409 1414 1422 1434 1435 1437 1439 1441 1442 1448 1477 1478 1479 1483 }
{ 0 1 3 5 6 7 9 11 12 15 17 18 22 24 27 28 29 30 32 36 38 51 61 79 105 106 109 111 113 114 115 126 127 132 134 136 137 139 143 146 147 148 149 152 155 156 163 174 175 198 201 203 204 206 208 209 210 212 216 230 232 238 243 244 249 250 258 260 262 264 265 274 279 280 281 282 284 288 290 293 295 298 299 301 303 320 321 326 331 333 339 340 359 368 376 378 379 380 382 384 393 402 408 410 413 415 418 420 422 425 426 429 430 432 435 441 442 449 451 452 453 454 455 457 459 462 474 476 480 488 489 490 491 493 496 498 504 509 510 514 515 516 517 518 521 523 530 533 542 555 556 561 562 563 568 573 577 579 582 584 587 590 591 593 594 596 597 598 601 602 605 611 628 631 632 638 639 643 645 646 648 653 666 672 673 674 676 681 683 686 693 695 717 718 719 720 721 723 728 730 740 741 742 748 749 750 752 754 755 756 765 770 772 773 774 777 779 782 790 796 800 804 805 807 812 814 837 839 840 853 857 863 866 874 875 877 882 886 887 889 891 892 894 896 898 909 919 926 929 932 939 940 944 971 972 974 977 981 982 983 984 986 988 999 1002 1003 1009 1013 1015 1016 1018 1021 1023 1029 1034 1048 1049 1065 1073 1101 1128 1129 1133 1135 1139 1140 1144 1149 1150 1164 1165 1171 1172 1186 1192 1205 1207 1210 1212 1213 1229 1254 1267 1271 1280 1321 1334 1338 1347 1352 1372 1403 1418 1440 1449 }
{ 92 352 544 654 711 817 1039 1366 }
{ 122 187 228 419 466 472 627 633 634 735 738 942 949 951 989 1072 1075 1076 1079 1131 1222 1445 1490 }
{ 328 569 758 862 1027 1053 1143 1392 1404 1433 }
{ 10 151 465 992 1337 1494 }
{ 479 557 803 }
{ 73 84 621 }
{ 26 54 120 150 213 268 269 327 332 334 335 363 404 412 414 416 446 456 468 473 553 692 776 789 799 843 888 893 937 946 975 1068 1090 1360 1402 }
{ 292 647 822 931 }
{ 21 23 64 131 166 234 255 305 361 373 381 397 398 406 411 439 470 497 505 535 571 574 586 623 649 665 669 706 707 797 802 819 846 864 867 869 915 938 943 960 987 993 998 1005 1026 1031 1033 1035 1058 1060 1081 1097 1098 1099 1105 1109 1117 1152 1162 1163 1173 1188 1214 1217 1230 1231 1234 1235 1275 1276 1285 1287 1290 1291 1304 1305 1324 1325 1331 1332 1335 1336 1340 1345 1358 1368 1389 1391 1410 1419 1429 1431 1436 1457 1466 1468 1471 1472 1475 1485 1487 1491 1493 }
{ 4 161 270 277 278 294 342 362 396 417 423 445 460 461 469 487 576 588 589 592 608 629 635 657 688 715 727 732 733 734 757 760 762 763 766 786 841 844 847 849 856 870 910 936 948 950 952 994 1001 1004 1011 1024 1025 1082 1085 1086 1126 1134 1137 1146 1147 1156 1161 1177 1209 1220 1257 1264 1265 1269 1274 1299 1300 1310 1344 1350 1357 1396 1401 1407 1413 1415 1417 1420 1423 1424 1425 1426 1428 1430 1432 1438 1444 1446 1450 1461 1488 1497 1498 }
{ 1148 1459 1465 }
-------
HAC average of average cluster similarities: 0.4387219137531178
HDC average of average cluster similarities: 0.46673504953734857
Clustering positive agreement: 0.007201777777777777
Clustering negative agreement: 0.917008
Clustering agreement composite: 0.9242097777777778
Clustering disagreement: 0.0757902222222222
