-------
{ 0 1 7 12 13 17 18 22 26 27 28 29 32 34 36 47 50 51 53 71 78 79 94 106 114 115 126 130 132 133 137 139 143 144 146 149 150 152 156 157 163 164 165 174 175 176 178 182 189 191 196 198 201 207 210 212 216 230 232 243 245 247 249 250 251 261 262 268 269 280 281 282 283 284 290 298 301 303 304 316 320 323 330 337 339 340 341 342 346 355 359 367 368 370 375 380 382 384 385 386 390 393 408 410 413 414 415 418 424 425 426 428 430 432 435 437 438 441 442 444 449 450 452 455 457 459 462 463 465 467 474 484 487 488 493 494 496 501 509 510 514 515 521 523 555 556 560 561 562 563 577 578 582 584 591 593 595 598 602 605 611 638 640 645 646 651 657 659 683 684 686 695 700 701 719 720 731 742 747 748 749 752 754 755 765 766 771 773 782 789 796 800 804 807 816 850 855 857 874 879 882 888 889 890 893 894 898 927 929 939 940 946 952 966 975 984 986 990 1002 1009 1010 1016 1018 1023 1028 1034 1049 1065 1073 1093 1101 1127 1128 1135 1150 1165 1168 1171 1205 1210 1241 1253 1268 1325 1329 1334 1337 1347 1374 }
{ 2 19 37 38 59 76 124 151 177 186 187 190 199 228 238 299 365 371 401 460 470 499 500 528 530 548 549 604 607 625 628 658 725 728 729 786 809 810 823 848 862 932 1130 1183 1238 1255 1270 1351 }
{ 3 195 197 242 271 319 334 335 338 434 458 490 506 586 601 632 647 671 687 744 750 774 776 794 861 875 881 884 892 914 931 938 974 985 991 996 1029 1046 1067 1068 1069 1139 1140 1172 1202 1213 1306 1339 1372 1409 1441 1443 1480 }
{ 4 127 214 274 277 353 403 417 419 464 526 608 653 669 693 730 844 880 883 896 970 987 1003 1012 1021 1025 1137 1142 1154 1177 1252 1261 1309 1418 1433 1436 1447 1461 }
{ 5 30 105 108 154 244 293 331 431 453 891 926 1013 1051 1091 1149 1327 1470 }
{ 6 43 52 110 131 147 168 231 275 322 361 369 373 377 381 397 406 411 427 439 497 520 522 535 543 559 574 622 641 649 650 702 758 802 808 813 835 846 867 876 905 943 993 997 1031 1033 1071 1105 1108 1117 1123 1152 1164 1166 1169 1173 1214 1227 1229 1230 1231 1256 1273 1276 1287 1290 1294 1295 1303 1335 1340 1345 1368 1391 1410 1412 1414 1417 1419 1422 1457 1460 1471 1472 1493 }
{ 8 16 20 54 63 65 101 135 140 141 145 153 167 241 255 256 285 354 412 446 447 456 477 532 553 554 581 583 594 679 681 705 743 751 753 756 764 799 885 917 972 1008 1032 1052 1136 1151 1286 1367 1371 1379 1383 }
{ 9 142 257 258 259 260 263 264 266 276 291 328 348 396 400 402 409 421 423 440 508 524 533 579 588 589 660 735 840 841 847 895 971 977 1022 1027 1121 1265 1404 1406 1408 }
{ 10 31 62 119 158 267 378 678 699 817 878 981 992 1005 1064 1125 1266 1272 1332 1336 1395 1411 }
{ 11 200 235 236 237 254 273 287 332 333 362 366 399 407 436 445 466 468 473 491 629 648 689 692 717 718 727 736 737 740 763 769 814 824 854 860 873 887 897 928 937 948 955 973 976 988 1024 1075 1080 1081 1109 1129 1133 1218 1225 1233 1235 1254 1267 1271 1358 1359 1373 1402 1440 }
{ 14 278 279 286 289 398 422 454 461 492 504 507 566 575 587 590 721 724 726 741 768 837 838 839 843 853 863 870 886 982 1007 1015 1120 1143 1144 1157 1215 1269 1274 1299 1393 1401 1405 1420 1423 1430 1434 1437 1444 }
{ 15 148 160 166 294 476 489 558 569 592 596 715 757 760 762 849 856 871 899 978 983 994 1001 1004 1006 1019 1126 1134 1145 1146 1156 1212 1257 1260 1264 1281 1292 1298 1300 1304 1341 1353 1357 1396 1424 1425 1426 1428 1432 1438 }
{ 21 23 24 25 35 66 74 83 107 109 111 125 128 134 155 202 203 204 205 206 209 246 272 292 300 321 324 325 326 327 357 360 395 480 486 511 512 516 517 518 519 542 568 643 663 666 672 674 675 676 745 761 772 790 791 792 793 811 812 821 865 866 908 909 911 913 934 1000 1045 1050 1184 1186 1199 1321 1322 1323 1338 1442 1448 1478 }
{ 33 40 60 91 185 192 193 312 315 547 610 654 662 716 851 859 944 980 1111 1228 1262 1263 1403 1453 1456 }
{ 39 46 179 180 181 314 546 616 706 1246 }
{ 41 58 69 81 88 98 170 183 184 188 211 309 310 311 502 529 538 599 606 609 612 613 704 710 714 785 833 834 842 979 1037 1096 1179 1236 1240 1244 1376 1380 1384 1390 }
{ 42 44 49 92 95 96 99 102 104 221 223 224 248 313 387 388 448 478 482 539 541 551 614 618 620 626 708 709 713 798 828 836 901 922 964 965 967 969 1056 1061 1063 1106 1115 1181 1200 1237 1239 1242 1311 1370 1375 1381 }
{ 45 84 162 307 1035 1250 1251 1378 1389 }
{ 48 87 89 100 103 215 219 240 305 306 317 318 336 343 351 352 471 483 485 537 550 615 619 621 665 667 670 697 698 711 712 784 795 820 825 829 830 912 916 918 920 956 958 960 962 1036 1089 1092 1098 1100 1112 1232 1249 1328 1366 1369 1385 1387 1454 1467 }
{ 55 56 57 136 159 233 239 344 363 416 631 682 691 935 1099 1107 1174 1348 1386 }
{ 61 138 345 379 429 498 503 505 567 570 571 597 723 954 1020 1153 1170 1259 1283 1284 1289 1319 1392 1394 1397 1415 1450 1477 }
{ 64 116 117 118 213 349 356 479 481 585 664 680 797 801 815 924 925 959 1054 1058 1116 1176 1192 1194 }
{ 67 72 73 75 77 80 112 172 227 297 391 513 525 656 661 778 783 900 902 1038 1040 1041 1043 1180 1201 1245 1382 1399 1452 1455 1476 }
{ 68 70 169 171 173 226 296 302 358 374 389 392 652 655 777 780 781 787 904 906 947 1039 1312 1313 1315 1317 1318 1451 }
{ 82 707 831 }
{ 85 552 696 818 953 1087 1226 1364 1499 }
{ 86 253 1090 }
{ 90 308 545 827 852 961 968 1104 1113 1114 1247 }
{ 93 97 433 580 858 1158 }
{ 113 540 544 623 673 690 703 788 930 1042 1044 1314 1464 }
{ 120 218 220 347 372 383 668 921 1191 1197 1465 }
{ 121 222 295 350 617 639 642 644 919 1055 1057 1059 1062 1189 1195 1248 1301 1326 1330 1343 1421 1468 1469 1473 1486 }
{ 122 217 }
{ 123 265 565 573 600 688 746 819 998 1030 1048 1060 1066 1070 1147 1148 1155 1162 1190 1206 1275 1277 1279 1280 1282 1285 1288 1291 1293 1302 1305 1307 1331 1398 1413 1431 1435 1445 1446 1462 1475 1479 1481 1485 }
{ 129 252 329 }
{ 161 469 472 627 630 633 634 635 636 732 733 734 738 739 936 942 949 950 951 1076 1077 1078 1079 1082 1083 1084 1085 1086 1209 1217 1219 1221 1222 1223 1224 1278 1349 1350 1354 1355 1356 1360 1361 1362 1363 1487 1488 1490 1492 1494 1496 1497 1498 }
{ 194 404 443 557 564 576 603 637 770 775 803 805 806 869 915 1047 1161 1175 1188 1196 1333 }
{ 208 229 234 270 364 475 941 945 1072 1193 1207 1220 1344 1352 1474 1483 1491 1495 }
{ 225 1365 }
{ 288 845 868 995 1167 1211 1484 }
{ 376 495 685 933 1118 1203 1204 1243 1258 1388 1439 1463 }
{ 394 624 677 694 903 907 957 1316 1458 }
{ 405 451 722 872 963 1132 1324 1416 1449 }
{ 420 767 910 923 989 999 1011 1017 1026 1053 1074 1124 1131 1159 1160 1185 1296 1310 1320 1346 1407 1427 1429 1459 1466 1482 }
{ 527 779 1208 1342 }
{ 531 572 822 864 877 1014 1122 1141 1163 1297 1308 1400 1489 }
{ 534 536 1094 1095 1097 1102 }
{ 759 1088 1103 1119 1138 1178 1182 1187 1198 1216 1234 }
{ 826 832 }
{ 1110 1377 }
-------
{ 360 486 913 }
{ 82 85 552 696 818 953 1087 1119 1226 1364 1499 }
{ 1026 1118 1185 1310 1407 }
{ 295 557 559 573 668 954 }
{ 1094 1095 }
{ 1088 1103 1178 }
{ 479 }
{ 313 616 }
{ 104 1072 1114 1247 1491 }
{ 70 185 615 665 778 900 1382 }
{ 253 670 680 1234 }
{ 236 497 703 813 873 938 1080 1089 1105 1141 1224 1345 1368 1442 1484 }
{ 41 42 44 58 87 92 95 98 100 102 103 116 184 219 310 314 318 351 352 483 485 529 537 539 543 550 613 614 694 697 704 708 798 820 827 833 916 918 956 958 960 962 965 1043 1061 1063 1092 1100 1109 1112 1116 1236 1237 1239 1246 1249 1366 1375 1385 1386 1387 }
{ 869 915 1110 1132 1313 1479 1481 }
{ 80 378 465 575 931 1066 1140 1306 1314 1325 }
{ 40 71 84 218 225 240 387 482 538 551 618 713 836 922 964 1211 1242 1311 1328 1381 1467 }
{ 67 920 1053 1055 1194 1195 1203 1230 1320 1459 1464 1469 1473 }
{ 3 61 62 147 158 266 289 345 348 368 454 520 564 565 567 571 576 580 600 630 669 715 723 746 775 803 851 858 861 881 884 890 943 977 985 987 996 997 998 1001 1006 1060 1131 1134 1155 1159 1161 1163 1170 1188 1196 1197 1256 1266 1269 1270 1274 1275 1282 1283 1284 1285 1289 1296 1297 1304 1305 1322 1341 1392 1393 1394 1405 1409 1410 1414 1415 1420 1422 1423 1427 1429 1434 1437 1438 1441 1444 1446 1465 }
{ 307 852 1074 1250 1388 }
{ 221 223 224 478 617 667 961 967 969 1057 1106 1108 1115 1117 1243 1248 1317 1346 1458 1466 }
{ 127 172 214 353 364 391 392 419 526 656 693 895 896 934 944 989 1038 1198 1299 1318 1445 1476 }
{ 43 45 122 208 678 690 709 795 1193 1483 }
{ 72 73 168 217 227 388 409 440 621 654 780 901 904 906 925 1039 1041 1180 1181 1200 1201 1451 }
{ 171 785 806 979 1015 1047 }
{ 86 193 788 }
{ 60 125 228 231 238 304 316 332 365 446 470 474 487 608 625 628 650 692 699 727 737 769 893 897 941 970 1024 1069 1076 1207 1208 1233 1235 1348 1358 1360 1390 1474 1496 }
{ 1182 1365 }
{ 124 234 235 237 473 627 689 736 888 924 945 1225 1344 1359 }
{ 48 215 343 347 371 372 471 525 549 712 1238 1383 }
{ 129 252 325 394 513 620 677 784 902 903 907 957 1316 1455 1456 }
{ 101 197 255 305 346 363 540 546 619 623 641 716 794 829 848 921 959 963 1058 1099 1174 1214 1231 1232 1308 }
{ 46 162 165 187 259 291 297 435 476 507 508 524 589 711 729 767 828 841 859 1121 1130 1160 1307 1377 1398 1404 1406 1417 1475 }
{ 29 119 121 154 220 222 350 642 644 930 1054 1175 1189 1190 1288 1326 1330 1331 1343 1468 1471 1482 1486 }
{ 466 629 636 770 1078 1342 1355 1356 1362 1488 1495 1498 }
{ 91 495 599 842 968 1216 1378 }
{ 912 1044 1059 1187 }
{ 179 355 433 484 1192 }
{ 31 33 306 626 659 1036 1056 1191 }
{ 260 421 498 766 923 1005 1012 1124 1252 1258 1272 1279 1291 1302 1395 1416 1431 1462 }
{ 329 }
{ 10 603 726 994 1003 1007 1143 1157 1259 1298 1397 }
{ 37 120 369 412 544 554 707 745 799 809 817 832 835 1090 1151 }
{ 0 1 2 5 11 12 13 18 22 23 25 26 27 28 30 32 34 35 36 38 50 51 52 53 55 56 59 63 65 74 78 83 88 89 94 106 107 108 109 110 111 114 123 128 132 134 137 149 150 152 155 163 169 176 177 186 188 189 190 192 195 196 198 201 202 203 204 205 206 207 209 210 212 213 226 229 230 232 233 241 242 243 244 246 247 248 249 250 251 257 262 263 265 268 269 271 274 275 280 282 293 302 315 317 319 320 321 323 324 326 327 328 330 331 333 334 335 336 338 339 341 349 354 357 358 359 367 374 375 376 379 382 383 384 385 386 390 393 402 404 408 413 414 426 428 429 430 434 438 441 442 447 449 450 451 452 456 463 467 477 480 481 499 500 501 502 503 510 511 512 514 515 516 517 518 519 521 523 527 531 533 536 541 542 545 548 563 568 570 577 579 581 583 584 585 590 593 597 605 609 610 611 631 638 639 643 645 647 648 651 652 660 663 664 666 671 675 676 679 681 682 683 684 687 691 695 698 700 701 710 725 730 752 754 764 771 772 773 777 782 790 792 793 796 797 800 801 802 804 805 807 810 812 816 821 822 823 846 850 865 866 875 878 879 880 883 886 889 894 909 911 919 926 927 929 932 933 939 940 946 966 974 975 983 1002 1008 1009 1016 1018 1023 1045 1046 1049 1050 1062 1065 1070 1071 1073 1091 1093 1096 1097 1098 1101 1102 1128 1135 1149 1150 1154 1168 1171 1172 1176 1186 1202 1210 1213 1240 1241 1253 1261 1268 1334 1335 1338 1339 1347 1367 1369 1371 1372 1374 1403 1412 1421 1435 1443 1447 1448 1452 1463 1470 1478 1480 }
{ 245 825 1228 1329 1370 }
{ 272 443 688 845 868 891 995 1327 1430 }
{ 6 21 39 49 64 90 93 96 97 99 131 166 180 181 183 194 261 308 311 312 356 361 366 373 377 381 400 411 427 439 505 522 534 547 572 574 604 607 622 637 649 702 706 759 791 819 826 830 867 876 905 993 1014 1020 1031 1033 1035 1048 1081 1083 1104 1152 1162 1164 1173 1183 1184 1206 1217 1218 1227 1251 1255 1276 1287 1290 1293 1295 1303 1315 1321 1332 1336 1340 1351 1384 1389 1391 1419 1454 1457 1460 1472 1477 1485 1487 1493 }
{ 14 16 24 66 75 81 113 115 117 118 135 138 140 182 211 298 344 370 395 418 493 560 624 640 662 673 705 753 761 781 783 834 908 917 947 1000 1037 1040 1042 1051 1052 1111 1199 1204 1205 1244 1262 1337 1399 1453 }
{ 160 277 278 294 396 399 405 407 417 423 431 461 558 592 596 633 634 635 732 735 757 760 762 815 838 844 849 856 862 871 899 910 942 949 978 992 1004 1013 1019 1027 1030 1067 1079 1082 1086 1122 1125 1126 1137 1138 1145 1146 1147 1148 1153 1156 1167 1169 1177 1219 1223 1257 1260 1264 1265 1278 1281 1292 1300 1301 1309 1323 1333 1349 1350 1353 1357 1363 1396 1400 1401 1408 1424 1425 1426 1428 1432 1433 1436 1439 1449 1450 1489 1490 1492 1494 }
{ 4 7 8 9 15 17 19 20 47 54 57 68 69 76 77 79 105 112 126 130 133 136 139 141 142 144 145 146 148 153 156 157 159 164 167 170 173 174 175 178 191 199 200 216 239 254 256 258 264 267 273 276 279 281 283 284 285 286 287 288 290 292 296 299 300 301 303 309 322 337 340 342 380 389 397 398 401 403 406 410 415 416 420 422 424 425 432 436 437 444 448 453 455 457 458 459 460 462 464 468 475 488 490 491 492 494 496 504 506 509 528 530 532 535 553 555 556 561 562 566 569 578 582 586 587 588 591 594 595 598 601 602 606 612 632 646 653 655 657 658 661 672 674 685 686 714 717 718 719 720 721 722 724 728 731 740 741 742 743 744 747 748 749 750 751 755 756 758 765 768 774 776 779 786 787 789 808 811 814 824 831 837 839 840 843 847 853 854 855 857 860 863 864 872 874 877 882 885 887 892 898 914 935 937 952 955 971 972 976 980 981 984 986 988 990 991 999 1010 1017 1021 1022 1025 1028 1029 1032 1034 1064 1068 1084 1107 1113 1123 1127 1129 1133 1136 1139 1142 1144 1158 1165 1166 1179 1212 1215 1229 1245 1254 1263 1267 1273 1280 1286 1294 1312 1319 1373 1376 1379 1380 1402 1411 1413 1418 }
{ 143 151 161 270 362 445 469 472 489 733 734 738 739 763 870 928 936 948 950 951 973 982 1011 1075 1077 1085 1120 1209 1220 1221 1222 1271 1277 1324 1352 1354 1361 1440 1461 1497 }
-------
HAC average of average cluster similarities: 0.37996927392857477
HDC average of average cluster similarities: 0.37787722479290026
Clustering positive agreement: 0.017148444444444445
Clustering negative agreement: 0.8622977777777778
Clustering agreement composite: 0.8794462222222222
Clustering disagreement: 0.12055377777777776
