-------
{ 0 1 7 12 13 17 18 22 26 27 28 29 32 34 36 47 50 51 53 71 78 79 94 106 114 115 126 130 132 133 137 139 143 144 146 149 150 152 156 157 163 164 165 174 175 176 178 182 189 191 196 198 201 207 210 212 216 230 232 243 245 247 249 250 251 261 262 268 269 280 281 282 283 284 290 298 301 303 304 316 320 323 330 337 339 340 341 342 346 355 359 367 368 370 375 380 382 384 385 386 390 393 408 410 413 414 415 418 424 425 426 428 430 432 435 437 438 441 442 444 449 450 452 455 457 459 462 463 465 467 474 484 487 488 493 494 496 501 509 510 514 515 521 523 555 556 560 561 562 563 577 578 582 584 591 593 595 598 602 605 611 638 640 645 646 651 657 659 683 684 686 695 700 701 719 720 731 742 747 748 749 752 754 755 765 766 771 773 782 789 796 800 804 807 816 850 855 857 874 879 882 888 889 890 893 894 898 927 929 939 940 946 952 966 975 984 986 990 1002 1009 1010 1016 1018 1023 1028 1034 1049 1065 1073 1093 1101 1127 1128 1135 1150 1165 1168 1171 1205 1210 1241 1253 1268 1325 1329 1334 1337 1347 1374 }
{ 2 19 37 38 59 76 124 151 177 186 187 190 199 228 238 299 365 371 401 460 470 499 500 528 530 548 549 604 607 625 628 658 725 728 729 786 809 810 823 848 862 932 1130 1183 1238 1255 1270 1351 }
{ 3 195 197 242 271 319 334 335 338 434 458 490 506 586 601 632 647 671 687 744 750 774 776 794 861 875 881 884 892 914 931 938 974 985 991 996 1029 1046 1067 1068 1069 1139 1140 1172 1202 1213 1306 1339 1372 1409 1441 1443 1480 }
{ 4 127 214 274 277 353 403 417 419 464 526 608 653 669 693 730 844 880 883 896 970 987 1003 1012 1021 1025 1137 1142 1154 1177 1252 1261 1309 1418 1433 1436 1447 1461 }
{ 5 30 105 108 154 244 293 331 431 453 891 926 1013 1051 1091 1149 1327 1470 }
{ 6 43 52 110 131 147 168 231 275 322 361 369 373 377 381 397 406 411 427 439 497 520 522 535 543 559 574 622 641 649 650 702 758 802 808 813 835 846 867 876 905 943 993 997 1031 1033 1071 1105 1108 1117 1123 1152 1164 1166 1169 1173 1214 1227 1229 1230 1231 1256 1273 1276 1287 1290 1294 1295 1303 1335 1340 1345 1368 1391 1410 1412 1414 1417 1419 1422 1457 1460 1471 1472 1493 }
{ 8 16 20 54 63 65 101 135 140 141 145 153 167 241 255 256 285 354 412 446 447 456 477 532 553 554 581 583 594 679 681 705 743 751 753 756 764 799 885 917 972 1008 1032 1052 1136 1151 1286 1367 1371 1379 1383 }
{ 9 142 257 258 259 260 263 264 266 276 291 328 348 396 400 402 409 421 423 440 508 524 533 579 588 589 660 735 840 841 847 895 971 977 1022 1027 1121 1265 1404 1406 1408 }
{ 10 31 62 119 158 267 378 678 699 817 878 981 992 1005 1064 1125 1266 1272 1332 1336 1395 1411 }
{ 11 200 235 236 237 254 273 287 332 333 362 366 399 407 436 445 466 468 473 491 629 648 689 692 717 718 727 736 737 740 763 769 814 824 854 860 873 887 897 928 937 948 955 973 976 988 1024 1075 1080 1081 1109 1129 1133 1218 1225 1233 1235 1254 1267 1271 1358 1359 1373 1402 1440 }
{ 14 278 279 286 289 398 422 454 461 492 504 507 566 575 587 590 721 724 726 741 768 837 838 839 843 853 863 870 886 982 1007 1015 1120 1143 1144 1157 1215 1269 1274 1299 1393 1401 1405 1420 1423 1430 1434 1437 1444 }
{ 15 148 160 166 294 476 489 558 569 592 596 715 757 760 762 849 856 871 899 978 983 994 1001 1004 1006 1019 1126 1134 1145 1146 1156 1212 1257 1260 1264 1281 1292 1298 1300 1304 1341 1353 1357 1396 1424 1425 1426 1428 1432 1438 }
{ 21 23 24 25 35 66 74 83 107 109 111 125 128 134 155 202 203 204 205 206 209 246 272 292 300 321 324 325 326 327 357 360 395 480 486 511 512 516 517 518 519 542 568 643 663 666 672 674 675 676 745 761 772 790 791 792 793 811 812 821 865 866 908 909 911 913 934 1000 1045 1050 1184 1186 1199 1321 1322 1323 1338 1442 1448 1478 }
{ 33 40 60 91 185 192 193 312 315 547 610 654 662 716 851 859 944 980 1111 1228 1262 1263 1403 1453 1456 }
{ 39 46 179 180 181 314 546 616 706 1246 }
{ 41 58 69 81 88 98 170 183 184 188 211 309 310 311 502 529 538 599 606 609 612 613 704 710 714 785 833 834 842 979 1037 1096 1179 1236 1240 1244 1376 1380 1384 1390 }
{ 42 44 49 92 95 96 99 102 104 221 223 224 248 313 387 388 448 478 482 539 541 551 614 618 620 626 708 709 713 798 828 836 901 922 964 965 967 969 1056 1061 1063 1106 1115 1181 1200 1237 1239 1242 1311 1370 1375 1381 }
{ 45 84 162 307 1035 1250 1251 1378 1389 }
{ 48 87 89 100 103 215 219 240 305 306 317 318 336 343 351 352 471 483 485 537 550 615 619 621 665 667 670 697 698 711 712 784 795 820 825 829 830 912 916 918 920 956 958 960 962 1036 1089 1092 1098 1100 1112 1232 1249 1328 1366 1369 1385 1387 1454 1467 }
{ 55 56 57 136 159 233 239 344 363 416 631 682 691 935 1099 1107 1174 1348 1386 }
{ 61 138 345 379 429 498 503 505 567 570 571 597 723 954 1020 1153 1170 1259 1283 1284 1289 1319 1392 1394 1397 1415 1450 1477 }
{ 64 116 117 118 213 349 356 479 481 585 664 680 797 801 815 924 925 959 1054 1058 1116 1176 1192 1194 }
{ 67 72 73 75 77 80 112 172 227 297 391 513 525 656 661 778 783 900 902 1038 1040 1041 1043 1180 1201 1245 1382 1399 1452 1455 1476 }
{ 68 70 169 171 173 226 296 302 358 374 389 392 652 655 777 780 781 787 904 906 947 1039 1312 1313 1315 1317 1318 1451 }
{ 82 707 831 }
{ 85 552 696 818 953 1087 1226 1364 1499 }
{ 86 253 1090 }
{ 90 308 545 827 852 961 968 1104 1113 1114 1247 }
{ 93 97 433 580 858 1158 }
{ 113 540 544 623 673 690 703 788 930 1042 1044 1314 1464 }
{ 120 218 220 347 372 383 668 921 1191 1197 1465 }
{ 121 222 295 350 617 639 642 644 919 1055 1057 1059 1062 1189 1195 1248 1301 1326 1330 1343 1421 1468 1469 1473 1486 }
{ 122 217 }
{ 123 265 565 573 600 688 746 819 998 1030 1048 1060 1066 1070 1147 1148 1155 1162 1190 1206 1275 1277 1279 1280 1282 1285 1288 1291 1293 1302 1305 1307 1331 1398 1413 1431 1435 1445 1446 1462 1475 1479 1481 1485 }
{ 129 252 329 }
{ 161 469 472 627 630 633 634 635 636 732 733 734 738 739 936 942 949 950 951 1076 1077 1078 1079 1082 1083 1084 1085 1086 1209 1217 1219 1221 1222 1223 1224 1278 1349 1350 1354 1355 1356 1360 1361 1362 1363 1487 1488 1490 1492 1494 1496 1497 1498 }
{ 194 404 443 557 564 576 603 637 770 775 803 805 806 869 915 1047 1161 1175 1188 1196 1333 }
{ 208 229 234 270 364 475 941 945 1072 1193 1207 1220 1344 1352 1474 1483 1491 1495 }
{ 225 1365 }
{ 288 845 868 995 1167 1211 1484 }
{ 376 495 685 933 1118 1203 1204 1243 1258 1388 1439 1463 }
{ 394 624 677 694 903 907 957 1316 1458 }
{ 405 451 722 872 963 1132 1324 1416 1449 }
{ 420 767 910 923 989 999 1011 1017 1026 1053 1074 1124 1131 1159 1160 1185 1296 1310 1320 1346 1407 1427 1429 1459 1466 1482 }
{ 527 779 1208 1342 }
{ 531 572 822 864 877 1014 1122 1141 1163 1297 1308 1400 1489 }
{ 534 536 1094 1095 1097 1102 }
{ 759 1088 1103 1119 1138 1178 1182 1187 1198 1216 1234 }
{ 826 832 }
{ 1110 1377 }
-------
{ 122 217 551 617 963 1104 1114 1211 1250 1380 }
{ 665 677 788 903 1316 1458 }
{ 607 764 1456 }
{ 85 552 687 696 818 953 1087 1088 1103 1178 1216 1226 1499 }
{ 67 73 80 173 223 225 388 613 619 780 783 900 902 1040 1041 1043 1200 1245 1382 1452 1455 }
{ 832 862 868 869 995 1297 1333 1436 }
{ 1094 1243 }
{ 37 231 235 369 678 694 702 784 916 941 957 1057 1193 1227 1451 1464 }
{ 222 920 925 1189 1195 1330 1343 }
{ 70 75 77 112 169 170 171 172 226 296 297 302 389 391 392 524 526 655 656 658 709 781 787 901 906 934 947 980 1038 1042 1121 1181 1313 1315 1317 1318 1399 1476 }
{ 10 119 158 221 372 1110 1132 1332 }
{ 1365 1495 }
{ 82 93 616 }
{ 544 748 897 1225 1376 }
{ 21 40 41 44 46 49 58 68 69 81 88 89 90 91 95 98 100 102 103 135 183 188 194 211 241 306 308 309 310 311 312 313 315 318 344 483 485 495 515 529 538 541 545 547 606 612 615 618 622 626 659 661 662 697 704 708 710 798 827 828 830 833 842 852 907 917 918 958 961 962 964 968 969 979 1000 1037 1063 1074 1099 1106 1107 1111 1112 1113 1117 1179 1232 1236 1237 1242 1244 1247 1248 1249 1328 1346 1375 1383 1384 1385 1386 1387 1390 1454 1478 }
{ 267 276 1400 }
{ 179 967 1035 }
{ 48 65 118 219 346 352 383 456 537 664 712 820 956 1017 1051 1054 1055 1056 1058 1064 1151 1192 1194 1234 1246 1371 1379 1473 }
{ 1182 1203 1364 1463 }
{ 105 108 159 288 293 431 453 845 1122 1157 1167 1196 1264 1430 1445 }
{ 43 60 125 129 168 184 185 240 395 543 621 623 642 690 707 835 1220 1312 1351 1453 }
{ 218 227 525 667 826 904 921 1039 1191 1201 1233 1251 }
{ 1394 1397 1420 }
{ 478 539 654 670 1092 1187 1366 1378 1388 1467 }
{ 942 1356 }
{ 6 27 50 52 83 92 94 101 110 123 124 131 150 152 161 162 165 178 181 192 195 197 199 205 208 233 234 236 239 252 254 255 259 266 275 307 317 322 323 325 336 338 343 347 363 365 366 371 373 377 379 381 397 398 400 406 411 415 425 427 435 436 437 438 439 458 468 470 481 494 497 499 502 505 506 511 512 520 521 528 532 535 540 550 555 559 567 571 572 574 580 585 586 588 589 599 603 604 610 624 625 628 632 641 649 650 672 675 681 685 689 692 700 701 703 705 714 722 735 743 744 759 767 774 791 792 794 797 801 802 806 808 813 814 819 841 846 848 851 865 867 873 878 879 880 881 885 905 911 914 938 943 985 987 991 993 996 999 1005 1008 1014 1018 1020 1022 1026 1031 1033 1034 1046 1052 1068 1070 1071 1075 1076 1080 1081 1083 1090 1093 1100 1105 1109 1123 1140 1149 1152 1154 1162 1164 1165 1166 1173 1174 1175 1183 1209 1214 1217 1218 1229 1230 1231 1235 1240 1252 1255 1256 1266 1270 1273 1277 1284 1285 1287 1290 1293 1294 1295 1303 1308 1310 1320 1322 1323 1325 1335 1336 1339 1340 1345 1353 1358 1360 1361 1362 1368 1373 1389 1391 1402 1403 1404 1405 1406 1407 1411 1412 1414 1416 1417 1419 1422 1429 1435 1441 1443 1446 1457 1475 1477 1479 1480 1483 1487 1489 1493 }
{ 362 469 508 699 736 738 936 948 989 1077 1086 1125 1126 1131 1198 1223 1257 1352 1426 1488 1494 1496 1497 }
{ 96 546 778 1377 }
{ 72 387 394 513 534 1180 1314 }
{ 361 864 890 893 1060 1141 1197 1275 1281 1304 1305 1459 1460 1471 1485 1491 }
{ 39 42 45 84 87 97 99 180 224 305 314 482 614 620 706 711 713 825 829 836 922 959 960 965 1061 1089 1108 1115 1116 1239 1311 1381 1466 }
{ 30 61 147 160 489 522 565 633 634 715 718 731 739 757 762 766 815 861 872 876 884 892 910 954 978 981 997 998 1004 1011 1012 1021 1030 1047 1073 1084 1118 1124 1134 1139 1142 1146 1147 1155 1161 1163 1169 1185 1261 1278 1279 1280 1282 1283 1289 1291 1292 1296 1302 1350 1354 1395 1396 1398 1409 1410 1413 1428 1434 1439 1447 1449 1450 1461 1462 1490 1492 }
{ 138 671 753 928 937 1067 1096 1204 1338 }
{ 531 }
{ 466 1078 1363 }
{ 62 121 220 345 348 479 557 644 668 924 1190 1309 1331 1465 1481 1482 }
{ 54 242 260 261 291 328 335 396 422 423 558 573 576 647 688 776 789 812 849 856 858 871 891 899 931 973 974 994 1007 1136 1156 1260 1271 1274 1306 1349 1357 1392 1393 1415 1423 1424 1425 1438 }
{ 1219 }
{ 28 74 144 251 271 329 355 433 441 536 553 651 870 894 1098 1238 1444 }
{ 200 277 399 403 405 407 445 461 487 587 592 608 635 727 732 734 758 763 811 838 860 950 976 1024 1082 1085 1144 1148 1150 1221 1222 1224 1258 1401 1408 1433 }
{ 187 193 229 785 1036 1119 1263 1355 }
{ 86 350 1044 }
{ 25 31 116 117 213 358 390 434 471 639 680 761 824 1091 1484 1486 }
{ 166 630 746 923 1053 1170 1307 1324 1326 1468 1469 1498 }
{ 0 1 2 3 4 5 7 8 9 11 12 13 14 15 16 17 18 19 20 22 23 24 26 29 32 33 34 35 36 38 47 51 53 55 56 57 59 63 66 71 76 78 79 104 106 107 109 111 113 114 115 120 126 127 128 130 132 133 134 136 137 139 140 141 142 143 145 146 148 149 151 153 154 155 156 157 163 164 167 174 175 176 177 182 186 189 190 191 196 198 201 202 203 204 206 207 209 210 212 215 216 228 230 232 237 238 243 244 245 246 247 248 249 250 256 257 258 262 263 264 265 268 269 270 272 273 274 278 279 280 281 282 283 284 285 286 287 289 290 292 294 295 298 299 300 301 303 304 316 319 320 321 324 326 327 330 331 332 333 334 337 339 340 341 342 351 354 359 360 364 367 368 370 374 375 376 378 380 382 384 385 386 393 401 402 404 408 409 410 412 413 414 416 417 418 420 421 424 426 428 429 430 432 440 442 443 444 446 447 448 449 450 451 452 454 455 457 459 460 463 464 465 467 473 474 475 476 477 480 484 486 488 490 491 492 493 496 498 500 501 503 504 507 509 510 514 516 517 518 519 523 527 530 533 542 548 549 554 556 560 561 562 563 566 568 569 570 575 577 578 579 581 582 583 584 590 591 593 594 595 596 597 598 601 602 605 609 611 627 629 631 636 638 640 643 645 646 648 652 653 657 660 663 666 673 674 676 679 682 683 684 686 691 693 695 698 716 717 719 720 721 724 725 728 730 733 737 740 741 742 745 747 749 750 751 752 754 755 756 760 765 768 769 770 771 772 773 777 779 782 786 790 793 795 796 799 800 804 805 807 809 810 816 821 822 823 831 834 837 839 840 843 844 847 850 853 854 855 857 859 863 866 874 875 877 882 883 886 887 888 889 895 896 898 908 909 912 913 919 926 927 929 930 932 933 935 939 940 944 945 946 949 951 952 955 966 970 971 972 975 977 982 983 984 986 988 990 992 1001 1002 1003 1009 1010 1013 1015 1016 1023 1025 1028 1029 1032 1045 1049 1050 1059 1062 1065 1072 1101 1102 1120 1127 1129 1133 1135 1137 1138 1145 1158 1168 1171 1172 1186 1199 1202 1205 1207 1208 1210 1212 1213 1215 1228 1241 1253 1254 1259 1262 1265 1267 1268 1269 1286 1299 1300 1301 1319 1327 1334 1337 1342 1344 1347 1348 1359 1367 1369 1370 1372 1418 1427 1432 1440 1448 1470 }
{ 729 1097 1128 1276 1374 1431 1442 1472 }
{ 253 1095 }
{ 64 214 349 353 356 357 419 472 564 637 669 775 803 817 915 1006 1019 1130 1176 1188 1272 1298 1341 1421 }
{ 462 726 1048 1066 1069 1079 1184 1206 1321 1437 1474 }
{ 600 723 1027 1143 1153 1159 1160 1177 1288 1329 }
-------
HAC average of average cluster similarities: 0.37996927392857477
HDC average of average cluster similarities: 0.3740168024342844
Clustering positive agreement: 0.025642666666666668
Clustering negative agreement: 0.8161128888888889
Clustering agreement composite: 0.8417555555555556
Clustering disagreement: 0.1582444444444444
