-------
{ 0 1 7 12 13 17 18 22 26 27 28 29 32 34 36 47 50 51 53 71 78 79 94 106 114 115 126 130 132 133 137 139 143 144 146 149 150 152 156 157 163 164 165 174 175 176 178 182 189 191 196 198 201 207 210 212 216 230 232 243 245 247 249 250 251 261 262 268 269 280 281 282 283 284 290 298 301 303 304 316 320 323 330 337 339 340 341 342 346 355 359 367 368 370 375 380 382 384 385 386 390 393 408 410 413 414 415 418 424 425 426 428 430 432 435 437 438 441 442 444 449 450 452 455 457 459 462 463 465 467 474 484 487 488 493 494 496 501 509 510 514 515 521 523 555 556 560 561 562 563 577 578 582 584 591 593 595 598 602 605 611 638 640 645 646 651 657 659 683 684 686 695 700 701 719 720 731 742 747 748 749 752 754 755 765 766 771 773 782 789 796 800 804 807 816 850 855 857 874 879 882 888 889 890 893 894 898 927 929 939 940 946 952 966 975 984 986 990 1002 1009 1010 1016 1018 1023 1028 1034 1049 1065 1073 1093 1101 1127 1128 1135 1150 1165 1168 1171 1205 1210 1241 1253 1268 1325 1329 1334 1337 1347 1374 }
{ 2 19 37 38 59 76 124 151 177 186 187 190 199 228 238 299 365 371 401 460 470 499 500 528 530 548 549 604 607 625 628 658 725 728 729 786 809 810 823 848 862 932 1130 1183 1238 1255 1270 1351 }
{ 3 195 197 242 271 319 334 335 338 434 458 490 506 586 601 632 647 671 687 744 750 774 776 794 861 875 881 884 892 914 931 938 974 985 991 996 1029 1046 1067 1068 1069 1139 1140 1172 1202 1213 1306 1339 1372 1409 1441 1443 1480 }
{ 4 127 214 274 277 353 403 417 419 464 526 608 653 669 693 730 844 880 883 896 970 987 1003 1012 1021 1025 1137 1142 1154 1177 1252 1261 1309 1418 1433 1436 1447 1461 }
{ 5 30 105 108 154 244 293 331 431 453 891 926 1013 1051 1091 1149 1327 1470 }
{ 6 43 52 110 131 147 168 231 275 322 361 369 373 377 381 397 406 411 427 439 497 520 522 535 543 559 574 622 641 649 650 702 758 802 808 813 835 846 867 876 905 943 993 997 1031 1033 1071 1105 1108 1117 1123 1152 1164 1166 1169 1173 1214 1227 1229 1230 1231 1256 1273 1276 1287 1290 1294 1295 1303 1335 1340 1345 1368 1391 1410 1412 1414 1417 1419 1422 1457 1460 1471 1472 1493 }
{ 8 16 20 54 63 65 101 135 140 141 145 153 167 241 255 256 285 354 412 446 447 456 477 532 553 554 581 583 594 679 681 705 743 751 753 756 764 799 885 917 972 1008 1032 1052 1136 1151 1286 1367 1371 1379 1383 }
{ 9 142 257 258 259 260 263 264 266 276 291 328 348 396 400 402 409 421 423 440 508 524 533 579 588 589 660 735 840 841 847 895 971 977 1022 1027 1121 1265 1404 1406 1408 }
{ 10 31 62 119 158 267 378 678 699 817 878 981 992 1005 1064 1125 1266 1272 1332 1336 1395 1411 }
{ 11 200 235 236 237 254 273 287 332 333 362 366 399 407 436 445 466 468 473 491 629 648 689 692 717 718 727 736 737 740 763 769 814 824 854 860 873 887 897 928 937 948 955 973 976 988 1024 1075 1080 1081 1109 1129 1133 1218 1225 1233 1235 1254 1267 1271 1358 1359 1373 1402 1440 }
{ 14 278 279 286 289 398 422 454 461 492 504 507 566 575 587 590 721 724 726 741 768 837 838 839 843 853 863 870 886 982 1007 1015 1120 1143 1144 1157 1215 1269 1274 1299 1393 1401 1405 1420 1423 1430 1434 1437 1444 }
{ 15 148 160 166 294 476 489 558 569 592 596 715 757 760 762 849 856 871 899 978 983 994 1001 1004 1006 1019 1126 1134 1145 1146 1156 1212 1257 1260 1264 1281 1292 1298 1300 1304 1341 1353 1357 1396 1424 1425 1426 1428 1432 1438 }
{ 21 23 24 25 35 66 74 83 107 109 111 125 128 134 155 202 203 204 205 206 209 246 272 292 300 321 324 325 326 327 357 360 395 480 486 511 512 516 517 518 519 542 568 643 663 666 672 674 675 676 745 761 772 790 791 792 793 811 812 821 865 866 908 909 911 913 934 1000 1045 1050 1184 1186 1199 1321 1322 1323 1338 1442 1448 1478 }
{ 33 40 60 91 185 192 193 312 315 547 610 654 662 716 851 859 944 980 1111 1228 1262 1263 1403 1453 1456 }
{ 39 46 179 180 181 314 546 616 706 1246 }
{ 41 58 69 81 88 98 170 183 184 188 211 309 310 311 502 529 538 599 606 609 612 613 704 710 714 785 833 834 842 979 1037 1096 1179 1236 1240 1244 1376 1380 1384 1390 }
{ 42 44 49 92 95 96 99 102 104 221 223 224 248 313 387 388 448 478 482 539 541 551 614 618 620 626 708 709 713 798 828 836 901 922 964 965 967 969 1056 1061 1063 1106 1115 1181 1200 1237 1239 1242 1311 1370 1375 1381 }
{ 45 84 162 307 1035 1250 1251 1378 1389 }
{ 48 87 89 100 103 215 219 240 305 306 317 318 336 343 351 352 471 483 485 537 550 615 619 621 665 667 670 697 698 711 712 784 795 820 825 829 830 912 916 918 920 956 958 960 962 1036 1089 1092 1098 1100 1112 1232 1249 1328 1366 1369 1385 1387 1454 1467 }
{ 55 56 57 136 159 233 239 344 363 416 631 682 691 935 1099 1107 1174 1348 1386 }
{ 61 138 345 379 429 498 503 505 567 570 571 597 723 954 1020 1153 1170 1259 1283 1284 1289 1319 1392 1394 1397 1415 1450 1477 }
{ 64 116 117 118 213 349 356 479 481 585 664 680 797 801 815 924 925 959 1054 1058 1116 1176 1192 1194 }
{ 67 72 73 75 77 80 112 172 227 297 391 513 525 656 661 778 783 900 902 1038 1040 1041 1043 1180 1201 1245 1382 1399 1452 1455 1476 }
{ 68 70 169 171 173 226 296 302 358 374 389 392 652 655 777 780 781 787 904 906 947 1039 1312 1313 1315 1317 1318 1451 }
{ 82 707 831 }
{ 85 552 696 818 953 1087 1226 1364 1499 }
{ 86 253 1090 }
{ 90 308 545 827 852 961 968 1104 1113 1114 1247 }
{ 93 97 433 580 858 1158 }
{ 113 540 544 623 673 690 703 788 930 1042 1044 1314 1464 }
{ 120 218 220 347 372 383 668 921 1191 1197 1465 }
{ 121 222 295 350 617 639 642 644 919 1055 1057 1059 1062 1189 1195 1248 1301 1326 1330 1343 1421 1468 1469 1473 1486 }
{ 122 217 }
{ 123 265 565 573 600 688 746 819 998 1030 1048 1060 1066 1070 1147 1148 1155 1162 1190 1206 1275 1277 1279 1280 1282 1285 1288 1291 1293 1302 1305 1307 1331 1398 1413 1431 1435 1445 1446 1462 1475 1479 1481 1485 }
{ 129 252 329 }
{ 161 469 472 627 630 633 634 635 636 732 733 734 738 739 936 942 949 950 951 1076 1077 1078 1079 1082 1083 1084 1085 1086 1209 1217 1219 1221 1222 1223 1224 1278 1349 1350 1354 1355 1356 1360 1361 1362 1363 1487 1488 1490 1492 1494 1496 1497 1498 }
{ 194 404 443 557 564 576 603 637 770 775 803 805 806 869 915 1047 1161 1175 1188 1196 1333 }
{ 208 229 234 270 364 475 941 945 1072 1193 1207 1220 1344 1352 1474 1483 1491 1495 }
{ 225 1365 }
{ 288 845 868 995 1167 1211 1484 }
{ 376 495 685 933 1118 1203 1204 1243 1258 1388 1439 1463 }
{ 394 624 677 694 903 907 957 1316 1458 }
{ 405 451 722 872 963 1132 1324 1416 1449 }
{ 420 767 910 923 989 999 1011 1017 1026 1053 1074 1124 1131 1159 1160 1185 1296 1310 1320 1346 1407 1427 1429 1459 1466 1482 }
{ 527 779 1208 1342 }
{ 531 572 822 864 877 1014 1122 1141 1163 1297 1308 1400 1489 }
{ 534 536 1094 1095 1097 1102 }
{ 759 1088 1103 1119 1138 1178 1182 1187 1198 1216 1234 }
{ 826 832 }
{ 1110 1377 }
-------
{ 4 124 135 140 144 157 167 235 237 239 254 255 273 304 316 329 332 363 412 416 418 436 437 444 446 464 468 474 504 509 530 532 578 623 631 707 758 769 776 814 831 833 853 870 887 897 935 937 945 952 955 988 1011 1021 1024 1025 1028 1051 1080 1129 1225 1236 1244 1249 1344 1352 1359 1360 1376 1383 1402 1474 1494 1496 }
{ 10 80 158 378 711 817 1272 1317 1332 1476 }
{ 113 223 351 352 956 1044 1063 1098 1328 1366 1388 1464 }
{ 919 1196 1327 }
{ 82 525 539 827 836 958 }
{ 40 42 44 46 69 87 88 89 92 97 100 104 183 219 308 310 311 312 313 314 315 485 529 538 547 607 612 614 615 616 620 661 697 708 713 922 964 965 969 1043 1092 1106 1112 1237 1239 1370 1377 1381 1386 }
{ 62 345 348 858 923 1053 1055 1131 1160 1175 1185 1320 1329 }
{ 920 953 1243 1458 }
{ 387 409 670 906 1057 1311 }
{ 680 }
{ 119 120 168 218 220 227 372 373 383 664 668 826 904 921 1039 1108 1191 1193 1197 1227 1233 1251 1315 1330 1465 }
{ 85 }
{ 229 364 391 465 630 868 942 1222 1495 }
{ 15 238 244 249 360 486 514 536 577 610 611 639 644 649 657 676 804 859 890 909 944 1003 1066 1183 1210 1211 1259 1348 1397 1403 1484 }
{ 39 307 }
{ 1074 1247 }
{ 151 371 557 619 803 851 941 943 1110 1118 1161 1310 1460 }
{ 61 160 161 200 259 266 270 277 278 294 362 396 399 405 407 417 427 445 461 466 469 487 494 558 566 572 580 608 627 633 634 635 688 724 727 731 732 733 734 735 738 739 757 760 762 763 766 841 844 849 856 860 862 871 884 899 910 928 936 948 949 950 951 954 973 978 982 989 994 998 1004 1019 1027 1034 1073 1075 1077 1079 1081 1082 1083 1085 1086 1122 1126 1132 1146 1147 1156 1167 1177 1208 1209 1217 1219 1221 1223 1224 1254 1257 1260 1274 1277 1279 1282 1301 1302 1307 1324 1342 1349 1350 1353 1354 1356 1357 1361 1362 1363 1392 1394 1396 1400 1406 1407 1408 1417 1423 1424 1425 1426 1430 1432 1434 1440 1445 1446 1470 1475 1488 1489 1490 1491 1492 1497 1498 }
{ 479 }
{ 129 534 702 987 1117 1189 1459 1481 1482 }
{ 193 729 1276 1346 1479 }
{ 90 852 1365 1368 1457 1463 }
{ 1088 1103 1178 1182 1187 1198 1216 }
{ 45 162 1124 }
{ 121 295 411 522 564 565 567 571 573 746 759 775 815 819 867 869 873 876 963 1007 1020 1026 1030 1031 1033 1047 1138 1143 1148 1152 1153 1155 1162 1163 1164 1169 1173 1188 1190 1258 1278 1281 1283 1285 1291 1292 1293 1295 1297 1303 1304 1305 1333 1343 1364 1391 1410 1414 1419 1431 1439 1450 1462 1469 1472 1487 }
{ 603 617 957 1195 }
{ 122 832 }
{ 43 102 103 343 613 829 968 1114 1246 }
{ 665 818 1341 }
{ 70 72 73 75 77 112 169 172 225 226 297 298 388 394 433 440 526 621 654 656 778 780 781 783 784 900 901 902 903 1040 1041 1042 1121 1180 1181 1200 1201 1313 1316 1399 1451 1455 }
{ 279 498 592 600 622 715 723 726 845 861 915 995 996 997 1087 1134 1157 1159 1256 1264 1266 1267 1269 1275 1284 1288 1299 1300 1384 1393 1395 1398 1401 1404 1413 1415 1416 1420 1428 1429 1433 1436 1437 1438 1441 1444 1449 }
{ 21 49 84 96 99 179 180 194 221 224 350 478 482 642 667 709 916 959 961 967 1005 1061 1104 1115 1116 1248 1326 1466 }
{ 33 50 68 71 76 93 98 170 171 173 188 190 211 296 299 301 302 385 386 392 393 401 403 524 549 652 653 655 658 662 777 785 787 894 907 980 1037 1179 1312 1452 1453 }
{ 65 230 258 282 325 499 512 698 716 796 822 986 1101 1128 1228 1262 1456 }
{ 16 31 41 48 95 101 117 118 154 175 182 213 215 217 267 287 300 344 347 354 370 395 429 483 484 537 542 618 625 626 712 745 782 801 820 834 917 918 960 966 1036 1056 1058 1064 1100 1168 1192 1199 1238 1318 1385 }
{ 0 1 5 6 11 12 13 18 20 22 23 24 25 26 29 30 32 34 35 36 38 51 53 55 56 57 58 59 60 63 66 74 78 79 81 105 106 109 111 114 115 116 123 125 126 127 128 130 132 133 134 136 137 138 139 146 147 148 149 150 152 156 163 166 174 176 177 178 184 186 189 192 195 196 198 199 201 203 206 207 209 210 212 214 216 228 232 233 234 241 242 243 245 246 247 248 250 251 253 257 261 262 263 265 268 269 271 274 280 281 283 286 288 289 290 293 303 317 319 320 327 328 330 333 334 335 336 337 338 339 340 341 346 349 355 357 358 359 365 367 374 375 376 379 380 382 384 389 390 400 402 404 408 410 414 415 421 422 425 426 428 430 432 438 441 442 443 447 448 449 450 451 453 455 457 458 459 462 463 467 471 472 475 477 480 481 490 492 496 500 501 506 507 510 515 521 523 527 528 533 540 546 548 551 552 554 555 556 560 561 562 563 568 576 579 581 582 583 584 586 590 591 593 594 595 597 598 601 602 605 606 609 624 632 638 640 645 646 647 648 651 659 660 663 666 671 673 674 675 679 682 683 684 691 693 694 695 700 701 704 705 710 714 718 719 720 721 725 728 730 741 742 750 753 754 755 761 767 768 770 771 772 773 779 790 798 800 805 807 810 811 812 816 821 823 824 828 837 838 839 840 843 848 850 866 874 875 877 878 879 881 882 883 889 891 892 895 898 908 912 913 914 926 927 931 932 933 934 939 940 946 971 974 975 977 979 981 983 991 992 999 1000 1002 1008 1009 1010 1012 1013 1016 1018 1022 1023 1045 1046 1052 1059 1062 1065 1068 1069 1071 1084 1089 1090 1091 1093 1095 1096 1097 1120 1133 1135 1136 1140 1144 1149 1150 1165 1166 1171 1172 1202 1205 1213 1240 1241 1252 1253 1261 1263 1268 1280 1289 1298 1325 1334 1337 1339 1347 1367 1372 1374 1375 1378 1411 1421 1447 1467 }
{ 83 107 108 155 202 204 321 322 323 324 326 331 420 511 516 517 518 519 520 643 672 789 791 792 793 863 865 911 930 1049 1050 1070 1094 1102 1184 1186 1319 1321 1322 1323 1338 1345 1435 }
{ 696 1499 }
{ 14 291 703 1245 1314 1382 }
{ 86 356 925 }
{ 52 864 1006 1014 1067 1141 1234 1308 1309 1369 }
{ 208 222 236 473 929 947 1038 1111 1351 1483 }
{ 3 7 8 9 17 19 27 28 47 54 91 94 141 142 143 145 153 159 164 165 187 191 256 260 264 276 284 285 309 342 368 413 419 423 424 434 435 452 454 456 460 476 489 491 493 495 502 503 531 553 569 575 587 588 589 596 599 628 681 686 722 740 743 747 749 751 752 756 764 765 786 799 842 847 854 855 857 885 886 896 970 972 976 984 990 1001 1017 1032 1072 1107 1127 1130 1142 1151 1158 1203 1204 1215 1265 1286 1371 1380 1418 1461 1473 }
{ 366 559 636 689 692 736 737 774 888 1105 1119 1218 1235 1355 }
{ 67 185 240 513 604 706 825 905 1331 1336 1454 1471 }
{ 2 37 369 543 544 629 678 699 795 835 924 1076 1078 1109 1220 1358 1390 1486 }
{ 1226 }
{ 306 406 488 508 570 690 717 748 809 872 893 1015 1125 1137 1139 1170 1250 1271 1273 1294 1296 1379 1427 }
{ 64 110 131 181 197 205 231 252 272 275 305 318 353 361 377 381 397 398 431 439 470 497 505 535 541 545 550 574 585 637 641 650 669 677 685 687 744 788 794 797 802 806 808 813 830 846 880 938 962 985 993 1029 1035 1048 1054 1060 1099 1113 1123 1154 1174 1176 1194 1206 1207 1214 1229 1230 1231 1232 1242 1255 1270 1287 1290 1306 1335 1340 1387 1389 1405 1409 1412 1422 1442 1443 1448 1468 1477 1478 1480 1485 1493 }
{ 292 1145 1212 1373 }
-------
HAC average of average cluster similarities: 0.37996927392857477
HDC average of average cluster similarities: 0.40259111849399176
Clustering positive agreement: 0.01831111111111111
Clustering negative agreement: 0.8620248888888888
Clustering agreement composite: 0.880336
Clustering disagreement: 0.11966399999999999
