-------
{ 0 1 7 12 13 17 18 22 26 27 28 29 32 34 36 47 50 51 53 71 78 79 94 106 114 115 126 130 132 133 137 139 143 144 146 149 150 152 156 157 163 164 165 174 175 176 178 182 189 191 196 198 201 207 210 212 216 230 232 243 245 247 249 250 251 261 262 268 269 280 281 282 283 284 290 298 301 303 304 316 320 323 330 337 339 340 341 342 346 355 359 367 368 370 375 380 382 384 385 386 390 393 408 410 413 414 415 418 424 425 426 428 430 432 435 437 438 441 442 444 449 450 452 455 457 459 462 463 465 467 474 484 487 488 493 494 496 501 509 510 514 515 521 523 555 556 560 561 562 563 577 578 582 584 591 593 595 598 602 605 611 638 640 645 646 651 657 659 683 684 686 695 700 701 719 720 731 742 747 748 749 752 754 755 765 766 771 773 782 789 796 800 804 807 816 850 855 857 874 879 882 888 889 890 893 894 898 927 929 939 940 946 952 966 975 984 986 990 1002 1009 1010 1016 1018 1023 1028 1034 1049 1065 1073 1093 1101 1127 1128 1135 1150 1165 1168 1171 1205 1210 1241 1253 1268 1325 1329 1334 1337 1347 1374 }
{ 2 19 37 38 59 76 124 151 177 186 187 190 199 228 238 299 365 371 401 460 470 499 500 528 530 548 549 604 607 625 628 658 725 728 729 786 809 810 823 848 862 932 1130 1183 1238 1255 1270 1351 }
{ 3 195 197 242 271 319 334 335 338 434 458 490 506 586 601 632 647 671 687 744 750 774 776 794 861 875 881 884 892 914 931 938 974 985 991 996 1029 1046 1067 1068 1069 1139 1140 1172 1202 1213 1306 1339 1372 1409 1441 1443 1480 }
{ 4 127 214 274 277 353 403 417 419 464 526 608 653 669 693 730 844 880 883 896 970 987 1003 1012 1021 1025 1137 1142 1154 1177 1252 1261 1309 1418 1433 1436 1447 1461 }
{ 5 30 105 108 154 244 293 331 431 453 891 926 1013 1051 1091 1149 1327 1470 }
{ 6 43 52 110 131 147 168 231 275 322 361 369 373 377 381 397 406 411 427 439 497 520 522 535 543 559 574 622 641 649 650 702 758 802 808 813 835 846 867 876 905 943 993 997 1031 1033 1071 1105 1108 1117 1123 1152 1164 1166 1169 1173 1214 1227 1229 1230 1231 1256 1273 1276 1287 1290 1294 1295 1303 1335 1340 1345 1368 1391 1410 1412 1414 1417 1419 1422 1457 1460 1471 1472 1493 }
{ 8 16 20 54 63 65 101 135 140 141 145 153 167 241 255 256 285 354 412 446 447 456 477 532 553 554 581 583 594 679 681 705 743 751 753 756 764 799 885 917 972 1008 1032 1052 1136 1151 1286 1367 1371 1379 1383 }
{ 9 142 257 258 259 260 263 264 266 276 291 328 348 396 400 402 409 421 423 440 508 524 533 579 588 589 660 735 840 841 847 895 971 977 1022 1027 1121 1265 1404 1406 1408 }
{ 10 31 62 119 158 267 378 678 699 817 878 981 992 1005 1064 1125 1266 1272 1332 1336 1395 1411 }
{ 11 200 235 236 237 254 273 287 332 333 362 366 399 407 436 445 466 468 473 491 629 648 689 692 717 718 727 736 737 740 763 769 814 824 854 860 873 887 897 928 937 948 955 973 976 988 1024 1075 1080 1081 1109 1129 1133 1218 1225 1233 1235 1254 1267 1271 1358 1359 1373 1402 1440 }
{ 14 278 279 286 289 398 422 454 461 492 504 507 566 575 587 590 721 724 726 741 768 837 838 839 843 853 863 870 886 982 1007 1015 1120 1143 1144 1157 1215 1269 1274 1299 1393 1401 1405 1420 1423 1430 1434 1437 1444 }
{ 15 148 160 166 294 476 489 558 569 592 596 715 757 760 762 849 856 871 899 978 983 994 1001 1004 1006 1019 1126 1134 1145 1146 1156 1212 1257 1260 1264 1281 1292 1298 1300 1304 1341 1353 1357 1396 1424 1425 1426 1428 1432 1438 }
{ 21 23 24 25 35 66 74 83 107 109 111 125 128 134 155 202 203 204 205 206 209 246 272 292 300 321 324 325 326 327 357 360 395 480 486 511 512 516 517 518 519 542 568 643 663 666 672 674 675 676 745 761 772 790 791 792 793 811 812 821 865 866 908 909 911 913 934 1000 1045 1050 1184 1186 1199 1321 1322 1323 1338 1442 1448 1478 }
{ 33 40 60 91 185 192 193 312 315 547 610 654 662 716 851 859 944 980 1111 1228 1262 1263 1403 1453 1456 }
{ 39 46 179 180 181 314 546 616 706 1246 }
{ 41 58 69 81 88 98 170 183 184 188 211 309 310 311 502 529 538 599 606 609 612 613 704 710 714 785 833 834 842 979 1037 1096 1179 1236 1240 1244 1376 1380 1384 1390 }
{ 42 44 49 92 95 96 99 102 104 221 223 224 248 313 387 388 448 478 482 539 541 551 614 618 620 626 708 709 713 798 828 836 901 922 964 965 967 969 1056 1061 1063 1106 1115 1181 1200 1237 1239 1242 1311 1370 1375 1381 }
{ 45 84 162 307 1035 1250 1251 1378 1389 }
{ 48 87 89 100 103 215 219 240 305 306 317 318 336 343 351 352 471 483 485 537 550 615 619 621 665 667 670 697 698 711 712 784 795 820 825 829 830 912 916 918 920 956 958 960 962 1036 1089 1092 1098 1100 1112 1232 1249 1328 1366 1369 1385 1387 1454 1467 }
{ 55 56 57 136 159 233 239 344 363 416 631 682 691 935 1099 1107 1174 1348 1386 }
{ 61 138 345 379 429 498 503 505 567 570 571 597 723 954 1020 1153 1170 1259 1283 1284 1289 1319 1392 1394 1397 1415 1450 1477 }
{ 64 116 117 118 213 349 356 479 481 585 664 680 797 801 815 924 925 959 1054 1058 1116 1176 1192 1194 }
{ 67 72 73 75 77 80 112 172 227 297 391 513 525 656 661 778 783 900 902 1038 1040 1041 1043 1180 1201 1245 1382 1399 1452 1455 1476 }
{ 68 70 169 171 173 226 296 302 358 374 389 392 652 655 777 780 781 787 904 906 947 1039 1312 1313 1315 1317 1318 1451 }
{ 82 707 831 }
{ 85 552 696 818 953 1087 1226 1364 1499 }
{ 86 253 1090 }
{ 90 308 545 827 852 961 968 1104 1113 1114 1247 }
{ 93 97 433 580 858 1158 }
{ 113 540 544 623 673 690 703 788 930 1042 1044 1314 1464 }
{ 120 218 220 347 372 383 668 921 1191 1197 1465 }
{ 121 222 295 350 617 639 642 644 919 1055 1057 1059 1062 1189 1195 1248 1301 1326 1330 1343 1421 1468 1469 1473 1486 }
{ 122 217 }
{ 123 265 565 573 600 688 746 819 998 1030 1048 1060 1066 1070 1147 1148 1155 1162 1190 1206 1275 1277 1279 1280 1282 1285 1288 1291 1293 1302 1305 1307 1331 1398 1413 1431 1435 1445 1446 1462 1475 1479 1481 1485 }
{ 129 252 329 }
{ 161 469 472 627 630 633 634 635 636 732 733 734 738 739 936 942 949 950 951 1076 1077 1078 1079 1082 1083 1084 1085 1086 1209 1217 1219 1221 1222 1223 1224 1278 1349 1350 1354 1355 1356 1360 1361 1362 1363 1487 1488 1490 1492 1494 1496 1497 1498 }
{ 194 404 443 557 564 576 603 637 770 775 803 805 806 869 915 1047 1161 1175 1188 1196 1333 }
{ 208 229 234 270 364 475 941 945 1072 1193 1207 1220 1344 1352 1474 1483 1491 1495 }
{ 225 1365 }
{ 288 845 868 995 1167 1211 1484 }
{ 376 495 685 933 1118 1203 1204 1243 1258 1388 1439 1463 }
{ 394 624 677 694 903 907 957 1316 1458 }
{ 405 451 722 872 963 1132 1324 1416 1449 }
{ 420 767 910 923 989 999 1011 1017 1026 1053 1074 1124 1131 1159 1160 1185 1296 1310 1320 1346 1407 1427 1429 1459 1466 1482 }
{ 527 779 1208 1342 }
{ 531 572 822 864 877 1014 1122 1141 1163 1297 1308 1400 1489 }
{ 534 536 1094 1095 1097 1102 }
{ 759 1088 1103 1119 1138 1178 1182 1187 1198 1216 1234 }
{ 826 832 }
{ 1110 1377 }
-------
{ 49 80 219 665 667 900 901 958 1036 1057 1108 1201 1248 1382 1453 }
{ 2 8 15 16 21 24 52 114 150 205 206 267 269 283 337 355 379 380 398 416 425 458 490 493 496 532 542 553 554 556 561 568 569 574 581 586 598 632 720 721 750 753 755 779 789 816 824 854 855 865 866 872 879 881 887 890 892 941 974 981 1009 1014 1028 1056 1064 1068 1070 1074 1098 1123 1139 1147 1150 1163 1174 1184 1229 1251 1266 1282 1340 1374 1411 1418 1435 1442 1480 }
{ 953 1364 1499 }
{ 253 279 417 443 454 491 587 597 689 717 723 724 726 731 740 759 768 770 774 786 793 837 838 839 843 860 863 877 888 891 898 937 982 988 1094 1095 1114 1129 1135 1144 1145 1157 1170 1208 1258 1259 1263 1267 1275 1288 1300 1306 1395 1401 1402 1413 1432 1470 }
{ 28 159 278 288 295 431 461 489 642 795 862 949 994 1132 1167 1269 1277 1299 1310 1427 1437 1438 1444 }
{ 221 419 617 1349 1394 1439 1464 }
{ 4 7 148 164 262 268 332 342 400 414 423 469 504 558 564 584 608 631 634 635 660 735 737 739 754 757 760 849 856 899 910 935 942 950 951 952 954 1011 1019 1024 1027 1082 1085 1086 1126 1134 1137 1138 1146 1156 1177 1223 1257 1264 1265 1281 1301 1357 1396 1400 1425 1426 1428 1490 1497 1498 }
{ 220 377 522 551 650 687 819 861 1020 1117 1118 1148 1159 1164 1169 1276 1285 1289 1303 1343 1346 1410 1414 1419 1431 1445 1460 1463 1467 1473 1491 }
{ 465 636 832 1403 1436 1495 }
{ 39 44 46 73 87 89 95 97 99 100 102 103 224 225 305 306 309 310 314 344 388 394 482 538 541 545 550 613 614 615 619 623 626 704 709 828 830 833 916 962 964 965 968 969 1041 1043 1061 1063 1104 1112 1113 1115 1176 1232 1236 1237 1242 1244 1249 1250 1366 1381 1386 1387 1454 }
{ 119 193 557 826 1175 1324 1330 1351 }
{ 313 387 478 670 967 1180 1239 1241 1367 }
{ 25 37 84 168 343 347 351 352 371 372 549 694 711 712 713 836 920 921 1193 1238 }
{ 12 17 32 41 42 57 63 71 75 118 125 128 130 140 144 196 198 203 210 241 246 247 291 298 301 317 330 336 341 412 444 463 467 524 540 560 595 708 710 752 780 783 787 798 820 823 850 853 885 908 980 1040 1111 1133 1168 1216 1262 1375 1383 1399 }
{ 3 149 368 498 559 600 730 1066 1256 1429 1440 1441 1446 }
{ 289 434 576 688 868 1013 1161 1196 }
{ 565 573 746 923 978 996 1060 1153 1155 1190 1203 1292 1415 1423 1430 1481 1482 }
{ 85 1087 1226 }
{ 9 14 22 55 133 146 156 157 201 245 250 280 285 335 376 390 441 446 447 479 492 507 555 562 590 640 647 672 679 681 682 698 764 769 771 776 782 801 821 825 882 933 986 1042 1101 1191 1245 1457 1459 }
{ 604 678 699 817 869 943 1195 1332 1354 }
{ 90 223 534 547 715 794 808 851 1055 1397 }
{ 34 108 195 204 228 321 326 378 385 393 514 527 651 671 792 805 807 894 925 932 940 1045 1050 1313 1447 }
{ 86 93 217 644 }
{ 915 1274 1283 1296 1424 1434 1450 1483 }
{ 121 603 668 815 884 995 998 1122 1197 1326 1327 1335 1420 1465 }
{ 732 1077 1309 1342 1353 1356 1363 }
{ 43 161 329 464 466 473 474 543 544 633 692 727 728 809 870 873 924 976 1015 1025 1048 1127 1231 1233 1331 1344 1461 1475 }
{ 1 13 20 38 45 54 79 83 110 123 136 141 142 145 153 160 167 179 233 235 239 251 255 257 260 261 263 264 284 287 297 307 320 338 346 357 362 363 396 404 406 407 418 424 445 448 451 452 456 462 468 476 477 488 506 509 531 533 537 552 575 580 594 601 624 707 722 733 738 742 743 747 751 756 758 765 784 799 814 848 858 874 886 914 936 956 959 972 984 991 999 1004 1008 1017 1022 1047 1051 1052 1058 1088 1093 1097 1100 1151 1158 1166 1220 1253 1260 1268 1339 1350 1360 1371 1379 1384 1417 1421 1488 1494 1496 }
{ 818 }
{ 5 10 23 26 29 30 33 66 104 109 111 120 134 197 202 208 209 212 238 244 249 270 319 324 325 327 334 349 358 359 360 449 486 516 517 518 639 657 663 673 676 677 695 790 796 804 810 813 907 909 911 912 913 919 926 929 944 945 947 1046 1059 1119 1182 1186 1198 1205 1210 1228 1334 1347 1370 }
{ 113 218 222 369 513 788 852 902 903 922 957 1044 1365 1455 1456 }
{ 520 592 844 1067 1072 1083 1272 1278 1474 1486 }
{ 18 36 50 51 59 68 69 70 76 77 78 106 112 116 126 132 137 139 151 162 163 169 170 171 172 173 174 175 176 177 178 186 187 189 191 226 227 229 230 232 237 242 258 273 281 282 296 299 300 302 303 304 316 340 356 384 386 389 392 401 409 410 459 472 475 494 501 512 525 528 530 563 577 578 579 605 610 627 628 629 638 646 648 652 653 655 656 658 691 700 701 714 773 777 778 785 800 840 847 859 889 897 904 906 928 934 939 948 955 1002 1018 1037 1038 1039 1075 1076 1121 1172 1179 1200 1222 1225 1312 1315 1316 1317 1318 1329 1348 1359 1376 1451 }
{ 0 6 53 56 117 127 143 152 158 165 166 199 207 214 265 266 290 328 339 348 391 402 408 415 421 432 435 437 438 440 499 508 510 548 588 589 593 625 686 718 725 767 775 822 857 875 878 883 896 931 946 970 971 975 977 983 989 992 1012 1021 1034 1053 1125 1128 1130 1131 1140 1142 1149 1160 1209 1240 1254 1261 1280 1284 1302 1307 1325 1352 1355 1398 1404 1406 1408 }
{ 19 47 58 60 72 81 82 88 91 98 183 188 190 211 308 311 312 364 460 471 495 500 502 529 599 606 607 609 612 659 662 684 716 827 831 842 918 966 979 1096 1247 1255 1337 1378 1380 1385 1390 }
{ 40 48 94 192 215 315 483 485 654 661 1091 1092 1106 1452 }
{ 696 }
{ 433 536 680 845 1007 1143 1219 1393 1405 1443 }
{ 27 61 64 67 124 129 131 180 181 236 240 252 254 259 275 322 323 345 350 361 365 366 373 381 397 399 411 427 439 470 481 487 497 505 526 535 567 571 572 585 622 637 669 675 690 702 706 719 734 736 744 748 763 803 806 829 841 846 864 867 876 880 893 905 938 963 973 985 987 993 997 1006 1026 1030 1031 1033 1035 1054 1071 1078 1080 1081 1099 1103 1105 1109 1110 1120 1124 1141 1152 1154 1162 1173 1187 1188 1194 1206 1214 1215 1217 1218 1221 1224 1227 1230 1235 1252 1270 1271 1273 1287 1290 1291 1293 1294 1295 1297 1304 1305 1308 1320 1328 1333 1336 1345 1358 1361 1362 1368 1373 1389 1391 1392 1407 1409 1412 1416 1422 1466 1468 1469 1471 1472 1477 1479 1485 1487 1489 1492 1493 }
{ 961 1458 }
{ 62 200 277 405 762 871 1005 1279 1298 1323 1433 1449 1462 }
{ 11 31 216 234 333 353 382 383 403 455 457 515 582 611 616 749 766 811 1023 1069 1165 1183 1185 1202 1204 1207 }
{ 65 96 101 135 182 184 256 276 318 354 367 370 430 450 546 583 618 620 705 834 917 960 990 1107 1178 1246 }
{ 185 231 621 703 781 835 1089 }
{ 107 115 138 511 519 521 641 649 685 741 772 791 797 802 1029 1049 1102 1211 1212 1314 1321 1322 1372 1484 }
{ 74 105 154 155 213 271 272 274 286 292 293 294 375 422 426 428 429 453 480 566 570 591 643 674 683 745 761 812 927 930 1000 1003 1010 1016 1062 1065 1171 1213 1319 1338 1369 }
{ 248 503 1090 1199 1243 1286 1448 }
{ 122 395 484 664 666 1136 1234 1341 1478 }
{ 92 194 539 630 697 729 1079 1116 1181 1311 1377 1476 }
{ 35 147 243 331 374 413 420 436 442 523 596 602 645 693 895 1001 1032 1073 1084 1189 1192 1388 }
-------
HAC average of average cluster similarities: 0.37996927392857477
HDC average of average cluster similarities: 0.33592103266321055
Clustering positive agreement: 0.006542222222222222
Clustering negative agreement: 0.908088
Clustering agreement composite: 0.9146302222222222
Clustering disagreement: 0.08536977777777777
