-------
{ 0 1 7 12 13 17 18 22 26 27 28 29 32 34 36 47 50 51 53 71 78 79 94 106 114 115 126 130 132 133 137 139 143 144 146 149 150 152 156 157 163 164 165 174 175 176 178 182 189 191 196 198 201 207 210 212 216 230 232 243 245 247 249 250 251 261 262 268 269 280 281 282 283 284 290 298 301 303 304 316 320 323 330 337 339 340 341 342 346 355 359 367 368 370 375 380 382 384 385 386 390 393 408 410 413 414 415 418 424 425 426 428 430 432 435 437 438 441 442 444 449 450 452 455 457 459 462 463 465 467 474 484 487 488 493 494 496 501 509 510 514 515 521 523 555 556 560 561 562 563 577 578 582 584 591 593 595 598 602 605 611 638 640 645 646 651 657 659 683 684 686 695 700 701 719 720 731 742 747 748 749 752 754 755 765 766 771 773 782 789 796 800 804 807 816 850 855 857 874 879 882 888 889 890 893 894 898 927 929 939 940 946 952 966 975 984 986 990 1002 1009 1010 1016 1018 1023 1028 1034 1049 1065 1073 1093 1101 1127 1128 1135 1150 1165 1168 1171 1205 1210 1241 1253 1268 1325 1329 1334 1337 1347 1374 }
{ 2 19 37 38 59 76 124 151 177 186 187 190 199 228 238 299 365 371 401 460 470 499 500 528 530 548 549 604 607 625 628 658 725 728 729 786 809 810 823 848 862 932 1130 1183 1238 1255 1270 1351 }
{ 3 195 197 242 271 319 334 335 338 434 458 490 506 586 601 632 647 671 687 744 750 774 776 794 861 875 881 884 892 914 931 938 974 985 991 996 1029 1046 1067 1068 1069 1139 1140 1172 1202 1213 1306 1339 1372 1409 1441 1443 1480 }
{ 4 127 214 274 277 353 403 417 419 464 526 608 653 669 693 730 844 880 883 896 970 987 1003 1012 1021 1025 1137 1142 1154 1177 1252 1261 1309 1418 1433 1436 1447 1461 }
{ 5 30 105 108 154 244 293 331 431 453 891 926 1013 1051 1091 1149 1327 1470 }
{ 6 43 52 110 131 147 168 231 275 322 361 369 373 377 381 397 406 411 427 439 497 520 522 535 543 559 574 622 641 649 650 702 758 802 808 813 835 846 867 876 905 943 993 997 1031 1033 1071 1105 1108 1117 1123 1152 1164 1166 1169 1173 1214 1227 1229 1230 1231 1256 1273 1276 1287 1290 1294 1295 1303 1335 1340 1345 1368 1391 1410 1412 1414 1417 1419 1422 1457 1460 1471 1472 1493 }
{ 8 16 20 54 63 65 101 135 140 141 145 153 167 241 255 256 285 354 412 446 447 456 477 532 553 554 581 583 594 679 681 705 743 751 753 756 764 799 885 917 972 1008 1032 1052 1136 1151 1286 1367 1371 1379 1383 }
{ 9 142 257 258 259 260 263 264 266 276 291 328 348 396 400 402 409 421 423 440 508 524 533 579 588 589 660 735 840 841 847 895 971 977 1022 1027 1121 1265 1404 1406 1408 }
{ 10 31 62 119 158 267 378 678 699 817 878 981 992 1005 1064 1125 1266 1272 1332 1336 1395 1411 }
{ 11 200 235 236 237 254 273 287 332 333 362 366 399 407 436 445 466 468 473 491 629 648 689 692 717 718 727 736 737 740 763 769 814 824 854 860 873 887 897 928 937 948 955 973 976 988 1024 1075 1080 1081 1109 1129 1133 1218 1225 1233 1235 1254 1267 1271 1358 1359 1373 1402 1440 }
{ 14 278 279 286 289 398 422 454 461 492 504 507 566 575 587 590 721 724 726 741 768 837 838 839 843 853 863 870 886 982 1007 1015 1120 1143 1144 1157 1215 1269 1274 1299 1393 1401 1405 1420 1423 1430 1434 1437 1444 }
{ 15 148 160 166 294 476 489 558 569 592 596 715 757 760 762 849 856 871 899 978 983 994 1001 1004 1006 1019 1126 1134 1145 1146 1156 1212 1257 1260 1264 1281 1292 1298 1300 1304 1341 1353 1357 1396 1424 1425 1426 1428 1432 1438 }
{ 21 23 24 25 35 66 74 83 107 109 111 125 128 134 155 202 203 204 205 206 209 246 272 292 300 321 324 325 326 327 357 360 395 480 486 511 512 516 517 518 519 542 568 643 663 666 672 674 675 676 745 761 772 790 791 792 793 811 812 821 865 866 908 909 911 913 934 1000 1045 1050 1184 1186 1199 1321 1322 1323 1338 1442 1448 1478 }
{ 33 40 60 91 185 192 193 312 315 547 610 654 662 716 851 859 944 980 1111 1228 1262 1263 1403 1453 1456 }
{ 39 46 179 180 181 314 546 616 706 1246 }
{ 41 58 69 81 88 98 170 183 184 188 211 309 310 311 502 529 538 599 606 609 612 613 704 710 714 785 833 834 842 979 1037 1096 1179 1236 1240 1244 1376 1380 1384 1390 }
{ 42 44 49 92 95 96 99 102 104 221 223 224 248 313 387 388 448 478 482 539 541 551 614 618 620 626 708 709 713 798 828 836 901 922 964 965 967 969 1056 1061 1063 1106 1115 1181 1200 1237 1239 1242 1311 1370 1375 1381 }
{ 45 84 162 307 1035 1250 1251 1378 1389 }
{ 48 87 89 100 103 215 219 240 305 306 317 318 336 343 351 352 471 483 485 537 550 615 619 621 665 667 670 697 698 711 712 784 795 820 825 829 830 912 916 918 920 956 958 960 962 1036 1089 1092 1098 1100 1112 1232 1249 1328 1366 1369 1385 1387 1454 1467 }
{ 55 56 57 136 159 233 239 344 363 416 631 682 691 935 1099 1107 1174 1348 1386 }
{ 61 138 345 379 429 498 503 505 567 570 571 597 723 954 1020 1153 1170 1259 1283 1284 1289 1319 1392 1394 1397 1415 1450 1477 }
{ 64 116 117 118 213 349 356 479 481 585 664 680 797 801 815 924 925 959 1054 1058 1116 1176 1192 1194 }
{ 67 72 73 75 77 80 112 172 227 297 391 513 525 656 661 778 783 900 902 1038 1040 1041 1043 1180 1201 1245 1382 1399 1452 1455 1476 }
{ 68 70 169 171 173 226 296 302 358 374 389 392 652 655 777 780 781 787 904 906 947 1039 1312 1313 1315 1317 1318 1451 }
{ 82 707 831 }
{ 85 552 696 818 953 1087 1226 1364 1499 }
{ 86 253 1090 }
{ 90 308 545 827 852 961 968 1104 1113 1114 1247 }
{ 93 97 433 580 858 1158 }
{ 113 540 544 623 673 690 703 788 930 1042 1044 1314 1464 }
{ 120 218 220 347 372 383 668 921 1191 1197 1465 }
{ 121 222 295 350 617 639 642 644 919 1055 1057 1059 1062 1189 1195 1248 1301 1326 1330 1343 1421 1468 1469 1473 1486 }
{ 122 217 }
{ 123 265 565 573 600 688 746 819 998 1030 1048 1060 1066 1070 1147 1148 1155 1162 1190 1206 1275 1277 1279 1280 1282 1285 1288 1291 1293 1302 1305 1307 1331 1398 1413 1431 1435 1445 1446 1462 1475 1479 1481 1485 }
{ 129 252 329 }
{ 161 469 472 627 630 633 634 635 636 732 733 734 738 739 936 942 949 950 951 1076 1077 1078 1079 1082 1083 1084 1085 1086 1209 1217 1219 1221 1222 1223 1224 1278 1349 1350 1354 1355 1356 1360 1361 1362 1363 1487 1488 1490 1492 1494 1496 1497 1498 }
{ 194 404 443 557 564 576 603 637 770 775 803 805 806 869 915 1047 1161 1175 1188 1196 1333 }
{ 208 229 234 270 364 475 941 945 1072 1193 1207 1220 1344 1352 1474 1483 1491 1495 }
{ 225 1365 }
{ 288 845 868 995 1167 1211 1484 }
{ 376 495 685 933 1118 1203 1204 1243 1258 1388 1439 1463 }
{ 394 624 677 694 903 907 957 1316 1458 }
{ 405 451 722 872 963 1132 1324 1416 1449 }
{ 420 767 910 923 989 999 1011 1017 1026 1053 1074 1124 1131 1159 1160 1185 1296 1310 1320 1346 1407 1427 1429 1459 1466 1482 }
{ 527 779 1208 1342 }
{ 531 572 822 864 877 1014 1122 1141 1163 1297 1308 1400 1489 }
{ 534 536 1094 1095 1097 1102 }
{ 759 1088 1103 1119 1138 1178 1182 1187 1198 1216 1234 }
{ 826 832 }
{ 1110 1377 }
-------
{ 0 1 12 13 16 17 25 31 35 36 42 48 53 56 63 71 74 75 77 78 92 104 106 109 110 111 114 123 125 127 128 130 134 139 140 146 163 165 174 182 186 189 191 195 196 198 201 203 206 209 210 215 216 218 228 232 239 241 242 245 246 247 248 250 251 258 274 275 282 298 300 301 303 313 316 319 320 321 330 335 336 338 340 341 344 359 360 367 374 376 379 380 384 386 387 393 402 404 408 425 430 433 442 448 455 456 457 463 467 477 479 482 496 501 510 512 525 539 546 551 554 560 579 584 586 590 593 594 595 598 602 632 643 645 646 652 653 656 658 663 673 681 685 699 700 701 703 709 712 713 720 729 742 752 753 756 771 773 781 782 787 800 805 809 810 812 816 817 828 834 850 866 875 882 885 889 901 908 913 914 917 931 934 939 966 967 972 990 999 1002 1009 1016 1032 1040 1045 1052 1056 1065 1093 1098 1166 1168 1172 1174 1181 1191 1204 1213 1214 1241 1251 1253 1261 1318 1332 1334 1339 1369 1371 1374 1375 1399 1456 }
{ 85 552 696 818 953 1087 1226 1364 1499 }
{ 222 484 519 770 877 1059 1321 1326 }
{ 160 200 266 399 405 421 423 445 464 487 489 508 558 587 599 608 717 724 727 731 734 763 786 803 849 860 888 893 897 910 970 973 984 1011 1024 1027 1028 1053 1057 1085 1122 1126 1134 1137 1146 1161 1167 1272 1277 1324 1376 1396 1406 1408 1432 1438 1440 }
{ 41 72 80 90 93 103 211 311 317 369 537 550 612 621 623 659 662 830 833 968 1036 1037 1232 1380 1383 1387 1452 1455 }
{ 121 124 225 252 345 356 361 439 461 505 520 559 567 572 574 650 715 746 759 806 819 867 873 876 923 987 998 1015 1020 1031 1033 1055 1081 1083 1095 1105 1117 1143 1153 1155 1162 1164 1169 1173 1188 1190 1195 1203 1206 1229 1230 1248 1276 1281 1283 1285 1287 1288 1290 1291 1292 1293 1294 1296 1304 1305 1322 1329 1343 1368 1393 1398 1413 1414 1427 1439 1443 1465 1466 1469 1471 1473 1475 1477 1487 }
{ 155 158 169 205 377 381 392 429 497 503 513 522 534 565 597 622 649 664 779 792 793 815 846 974 1066 1070 1123 1151 1273 1340 1435 1457 1479 1493 }
{ 39 49 64 95 96 97 99 101 180 181 184 197 219 240 305 318 343 373 535 619 641 665 702 706 820 825 829 938 959 960 962 1108 1116 1227 1381 1454 }
{ 8 20 23 24 73 86 107 141 142 143 145 153 156 157 167 193 256 263 267 276 283 285 286 306 326 333 342 395 398 406 432 435 437 446 452 462 490 504 506 542 562 568 575 576 582 591 601 628 642 672 679 721 722 741 747 750 751 755 769 774 776 778 799 808 839 841 843 854 855 863 874 881 884 892 898 930 937 945 952 976 977 981 985 986 991 996 1000 1008 1010 1022 1029 1034 1050 1051 1099 1107 1111 1120 1133 1149 1165 1183 1211 1245 1263 1264 1267 1286 1345 1360 1367 1384 1401 1441 1448 1478 }
{ 52 54 118 172 257 261 264 280 322 323 422 428 441 447 458 480 514 556 583 671 718 744 767 772 783 789 886 894 900 903 971 980 1128 1266 1268 1306 1314 1403 1442 }
{ 7 253 288 420 443 845 862 868 925 1048 1196 1484 }
{ 29 67 113 385 644 677 788 1182 1243 1280 1459 1482 }
{ 4 15 47 66 112 135 162 175 328 329 337 355 412 418 493 531 760 761 764 765 871 895 1003 1299 }
{ 44 84 87 100 102 194 224 310 314 478 485 614 618 620 626 705 827 836 964 969 1063 1092 1103 1104 1112 1115 1119 1237 1239 1242 1247 }
{ 83 208 244 324 511 517 585 657 674 687 743 791 797 851 865 878 879 880 890 905 909 911 924 1014 1069 1102 1176 1186 1297 1308 1335 1341 1372 1421 1468 1472 }
{ 161 235 237 277 278 362 407 466 469 472 540 627 629 630 633 635 636 689 692 732 733 735 736 737 738 739 824 844 928 936 942 948 949 950 951 994 1072 1076 1077 1078 1079 1080 1082 1086 1145 1208 1219 1220 1221 1222 1223 1224 1225 1259 1298 1342 1350 1352 1353 1355 1357 1362 1363 1423 1424 1425 1461 1486 1488 1490 1492 1494 1496 1497 1498 }
{ 94 178 192 233 234 268 325 353 481 499 637 675 802 813 922 943 1071 1089 1231 1262 1325 1370 1495 }
{ 1178 1187 1198 }
{ 32 34 132 230 354 640 919 926 1094 }
{ 37 65 220 347 372 383 670 784 826 832 921 1058 1193 }
{ 2 59 136 151 368 527 581 611 624 631 693 695 749 794 823 975 1046 1088 }
{ 236 366 411 634 690 1075 1217 1218 1235 1349 1354 1356 1489 1491 }
{ 9 10 147 148 260 292 400 660 811 887 992 1012 1138 1156 1309 1400 1411 1428 1430 1447 }
{ 255 259 427 557 564 571 580 600 669 775 869 896 915 993 997 1158 1175 1256 1275 1284 1295 1429 1436 }
{ 1216 }
{ 297 391 492 526 768 780 1041 1180 1312 1313 }
{ 284 287 332 346 403 409 410 488 491 494 530 561 578 592 719 740 762 838 847 856 857 982 988 1025 1044 1110 1127 1144 1147 1152 1170 1197 1209 1215 1244 1300 1417 1418 1426 1446 1480 1483 }
{ 279 348 417 431 553 870 989 1017 1131 1140 1269 1271 1274 1302 1307 1402 1404 1405 1416 1420 1434 1444 1449 }
{ 14 115 569 902 961 1001 1038 1042 1185 1365 }
{ 131 397 757 766 861 963 978 1005 1030 1060 1148 1163 1184 1258 1278 1279 1282 1303 1331 1336 1361 1391 1409 1419 1431 1437 1462 1474 1485 }
{ 62 668 1054 1189 1333 }
{ 536 680 758 1026 1047 1074 1118 1159 1177 1289 1310 1323 1346 1373 1410 1450 1481 }
{ 6 33 137 149 176 199 212 226 229 238 249 289 296 302 389 470 475 486 515 521 577 605 610 676 728 777 807 859 906 932 940 947 1084 1210 1317 1451 1460 }
{ 5 11 22 30 38 51 57 126 133 152 202 243 269 281 339 382 390 426 438 450 459 516 518 563 647 648 698 790 821 927 983 1023 1049 1097 1101 1388 1458 }
{ 43 120 363 365 371 378 473 474 541 544 625 795 933 941 1068 1109 1233 1358 1359 }
{ 18 28 55 144 150 159 164 262 273 290 295 304 396 416 434 468 509 555 566 570 596 651 686 691 730 754 814 837 853 883 899 935 954 955 1007 1018 1021 1062 1129 1135 1136 1171 1202 1207 1212 1319 1327 1338 1470 }
{ 117 122 204 207 213 327 357 358 413 523 638 639 654 666 684 716 796 801 804 912 929 946 956 1090 1091 1100 1205 1228 1234 1347 }
{ 19 58 68 69 76 81 91 98 170 171 173 177 187 188 190 214 299 364 401 444 460 471 495 500 502 528 529 545 548 604 606 607 609 655 710 714 725 785 831 842 848 918 979 1096 1113 1130 1179 1194 1240 1255 1270 1337 1348 1389 1390 1453 }
{ 46 82 308 352 483 667 678 694 708 711 798 916 920 958 965 1035 1061 1106 1246 1249 1250 1328 1366 1377 1378 1386 1467 }
{ 105 108 154 272 293 453 573 688 891 995 1013 1073 1330 }
{ 291 424 440 454 507 524 589 603 1006 1121 1257 1260 1265 1301 1415 1476 }
{ 40 50 88 89 183 227 309 315 370 388 394 451 538 549 613 661 697 907 1039 1043 1201 1236 1315 1316 1385 }
{ 498 617 872 1124 1125 1132 1142 1395 1422 1433 }
{ 307 419 723 726 957 1157 1160 1254 1392 1394 1397 1445 }
{ 45 129 166 1004 1019 1064 1320 1379 1407 }
{ 21 221 223 312 547 852 1114 1150 1382 1463 }
{ 26 138 270 271 294 331 334 944 1067 1344 }
{ 3 27 61 70 79 116 217 254 265 349 375 414 415 436 449 476 532 533 543 588 682 683 748 822 840 864 1139 1141 1154 1252 1412 }
{ 60 168 185 231 615 704 707 835 904 1238 1351 }
{ 119 179 350 351 465 616 745 858 1192 1199 1200 1311 1464 }
-------
HAC average of average cluster similarities: 0.37996927392857477
HDC average of average cluster similarities: 0.31927041355813585
Clustering positive agreement: 0.008544
Clustering negative agreement: 0.9094604444444444
Clustering agreement composite: 0.9180044444444444
Clustering disagreement: 0.0819955555555556
