-------
{ 0 1 7 12 13 17 18 22 26 27 28 29 32 34 36 47 50 51 53 71 78 79 94 106 114 115 126 130 132 133 137 139 143 144 146 149 150 152 156 157 163 164 165 174 175 176 178 182 189 191 196 198 201 207 210 212 216 230 232 243 245 247 249 250 251 261 262 268 269 280 281 282 283 284 290 298 301 303 304 316 320 323 330 337 339 340 341 342 346 355 359 367 368 370 375 380 382 384 385 386 390 393 408 410 413 414 415 418 424 425 426 428 430 432 435 437 438 441 442 444 449 450 452 455 457 459 462 463 465 467 474 484 487 488 493 494 496 501 509 510 514 515 521 523 555 556 560 561 562 563 577 578 582 584 591 593 595 598 602 605 611 638 640 645 646 651 657 659 683 684 686 695 700 701 719 720 731 742 747 748 749 752 754 755 765 766 771 773 782 789 796 800 804 807 816 850 855 857 874 879 882 888 889 890 893 894 898 927 929 939 940 946 952 966 975 984 986 990 1002 1009 1010 1016 1018 1023 1028 1034 1049 1065 1073 1093 1101 1127 1128 1135 1150 1165 1168 1171 1205 1210 1241 1253 1268 1325 1329 1334 1337 1347 1374 }
{ 2 19 37 38 59 76 124 151 177 186 187 190 199 228 238 299 365 371 401 460 470 499 500 528 530 548 549 604 607 625 628 658 725 728 729 786 809 810 823 848 862 932 1130 1183 1238 1255 1270 1351 }
{ 3 195 197 242 271 319 334 335 338 434 458 490 506 586 601 632 647 671 687 744 750 774 776 794 861 875 881 884 892 914 931 938 974 985 991 996 1029 1046 1067 1068 1069 1139 1140 1172 1202 1213 1306 1339 1372 1409 1441 1443 1480 }
{ 4 127 214 274 277 353 403 417 419 464 526 608 653 669 693 730 844 880 883 896 970 987 1003 1012 1021 1025 1137 1142 1154 1177 1252 1261 1309 1418 1433 1436 1447 1461 }
{ 5 30 105 108 154 244 293 331 431 453 891 926 1013 1051 1091 1149 1327 1470 }
{ 6 43 52 110 131 147 168 231 275 322 361 369 373 377 381 397 406 411 427 439 497 520 522 535 543 559 574 622 641 649 650 702 758 802 808 813 835 846 867 876 905 943 993 997 1031 1033 1071 1105 1108 1117 1123 1152 1164 1166 1169 1173 1214 1227 1229 1230 1231 1256 1273 1276 1287 1290 1294 1295 1303 1335 1340 1345 1368 1391 1410 1412 1414 1417 1419 1422 1457 1460 1471 1472 1493 }
{ 8 16 20 54 63 65 101 135 140 141 145 153 167 241 255 256 285 354 412 446 447 456 477 532 553 554 581 583 594 679 681 705 743 751 753 756 764 799 885 917 972 1008 1032 1052 1136 1151 1286 1367 1371 1379 1383 }
{ 9 142 257 258 259 260 263 264 266 276 291 328 348 396 400 402 409 421 423 440 508 524 533 579 588 589 660 735 840 841 847 895 971 977 1022 1027 1121 1265 1404 1406 1408 }
{ 10 31 62 119 158 267 378 678 699 817 878 981 992 1005 1064 1125 1266 1272 1332 1336 1395 1411 }
{ 11 200 235 236 237 254 273 287 332 333 362 366 399 407 436 445 466 468 473 491 629 648 689 692 717 718 727 736 737 740 763 769 814 824 854 860 873 887 897 928 937 948 955 973 976 988 1024 1075 1080 1081 1109 1129 1133 1218 1225 1233 1235 1254 1267 1271 1358 1359 1373 1402 1440 }
{ 14 278 279 286 289 398 422 454 461 492 504 507 566 575 587 590 721 724 726 741 768 837 838 839 843 853 863 870 886 982 1007 1015 1120 1143 1144 1157 1215 1269 1274 1299 1393 1401 1405 1420 1423 1430 1434 1437 1444 }
{ 15 148 160 166 294 476 489 558 569 592 596 715 757 760 762 849 856 871 899 978 983 994 1001 1004 1006 1019 1126 1134 1145 1146 1156 1212 1257 1260 1264 1281 1292 1298 1300 1304 1341 1353 1357 1396 1424 1425 1426 1428 1432 1438 }
{ 21 23 24 25 35 66 74 83 107 109 111 125 128 134 155 202 203 204 205 206 209 246 272 292 300 321 324 325 326 327 357 360 395 480 486 511 512 516 517 518 519 542 568 643 663 666 672 674 675 676 745 761 772 790 791 792 793 811 812 821 865 866 908 909 911 913 934 1000 1045 1050 1184 1186 1199 1321 1322 1323 1338 1442 1448 1478 }
{ 33 40 60 91 185 192 193 312 315 547 610 654 662 716 851 859 944 980 1111 1228 1262 1263 1403 1453 1456 }
{ 39 46 179 180 181 314 546 616 706 1246 }
{ 41 58 69 81 88 98 170 183 184 188 211 309 310 311 502 529 538 599 606 609 612 613 704 710 714 785 833 834 842 979 1037 1096 1179 1236 1240 1244 1376 1380 1384 1390 }
{ 42 44 49 92 95 96 99 102 104 221 223 224 248 313 387 388 448 478 482 539 541 551 614 618 620 626 708 709 713 798 828 836 901 922 964 965 967 969 1056 1061 1063 1106 1115 1181 1200 1237 1239 1242 1311 1370 1375 1381 }
{ 45 84 162 307 1035 1250 1251 1378 1389 }
{ 48 87 89 100 103 215 219 240 305 306 317 318 336 343 351 352 471 483 485 537 550 615 619 621 665 667 670 697 698 711 712 784 795 820 825 829 830 912 916 918 920 956 958 960 962 1036 1089 1092 1098 1100 1112 1232 1249 1328 1366 1369 1385 1387 1454 1467 }
{ 55 56 57 136 159 233 239 344 363 416 631 682 691 935 1099 1107 1174 1348 1386 }
{ 61 138 345 379 429 498 503 505 567 570 571 597 723 954 1020 1153 1170 1259 1283 1284 1289 1319 1392 1394 1397 1415 1450 1477 }
{ 64 116 117 118 213 349 356 479 481 585 664 680 797 801 815 924 925 959 1054 1058 1116 1176 1192 1194 }
{ 67 72 73 75 77 80 112 172 227 297 391 513 525 656 661 778 783 900 902 1038 1040 1041 1043 1180 1201 1245 1382 1399 1452 1455 1476 }
{ 68 70 169 171 173 226 296 302 358 374 389 392 652 655 777 780 781 787 904 906 947 1039 1312 1313 1315 1317 1318 1451 }
{ 82 707 831 }
{ 85 552 696 818 953 1087 1226 1364 1499 }
{ 86 253 1090 }
{ 90 308 545 827 852 961 968 1104 1113 1114 1247 }
{ 93 97 433 580 858 1158 }
{ 113 540 544 623 673 690 703 788 930 1042 1044 1314 1464 }
{ 120 218 220 347 372 383 668 921 1191 1197 1465 }
{ 121 222 295 350 617 639 642 644 919 1055 1057 1059 1062 1189 1195 1248 1301 1326 1330 1343 1421 1468 1469 1473 1486 }
{ 122 217 }
{ 123 265 565 573 600 688 746 819 998 1030 1048 1060 1066 1070 1147 1148 1155 1162 1190 1206 1275 1277 1279 1280 1282 1285 1288 1291 1293 1302 1305 1307 1331 1398 1413 1431 1435 1445 1446 1462 1475 1479 1481 1485 }
{ 129 252 329 }
{ 161 469 472 627 630 633 634 635 636 732 733 734 738 739 936 942 949 950 951 1076 1077 1078 1079 1082 1083 1084 1085 1086 1209 1217 1219 1221 1222 1223 1224 1278 1349 1350 1354 1355 1356 1360 1361 1362 1363 1487 1488 1490 1492 1494 1496 1497 1498 }
{ 194 404 443 557 564 576 603 637 770 775 803 805 806 869 915 1047 1161 1175 1188 1196 1333 }
{ 208 229 234 270 364 475 941 945 1072 1193 1207 1220 1344 1352 1474 1483 1491 1495 }
{ 225 1365 }
{ 288 845 868 995 1167 1211 1484 }
{ 376 495 685 933 1118 1203 1204 1243 1258 1388 1439 1463 }
{ 394 624 677 694 903 907 957 1316 1458 }
{ 405 451 722 872 963 1132 1324 1416 1449 }
{ 420 767 910 923 989 999 1011 1017 1026 1053 1074 1124 1131 1159 1160 1185 1296 1310 1320 1346 1407 1427 1429 1459 1466 1482 }
{ 527 779 1208 1342 }
{ 531 572 822 864 877 1014 1122 1141 1163 1297 1308 1400 1489 }
{ 534 536 1094 1095 1097 1102 }
{ 759 1088 1103 1119 1138 1178 1182 1187 1198 1216 1234 }
{ 826 832 }
{ 1110 1377 }
-------
{ 14 21 534 542 671 685 788 830 902 1074 1100 1313 1455 1458 }
{ 0 2 11 12 13 16 22 23 24 25 32 35 56 57 74 83 105 106 107 109 110 111 114 117 128 129 132 135 146 155 182 195 196 198 201 202 203 204 206 208 209 210 213 230 233 245 246 247 250 251 252 253 268 269 282 293 320 321 323 324 326 327 330 331 339 341 354 355 359 367 376 379 380 385 402 408 414 420 426 429 430 432 442 447 450 453 462 467 477 480 496 511 512 514 515 516 517 518 519 562 577 581 582 583 584 591 594 597 598 638 640 642 643 645 663 666 673 674 675 676 679 682 683 691 698 700 720 721 745 749 754 761 773 782 790 791 792 793 796 800 804 812 821 837 855 877 882 909 911 912 926 930 946 974 975 1002 1008 1009 1016 1023 1045 1049 1050 1052 1062 1091 1094 1095 1097 1102 1111 1128 1133 1168 1171 1172 1176 1199 1229 1253 1267 1321 1334 1338 1367 1369 1374 1456 }
{ 90 223 794 1026 1117 1162 1281 1459 1482 }
{ 696 }
{ 120 956 1090 1103 1234 1345 }
{ 10 19 28 33 61 76 116 119 127 143 151 158 164 165 186 187 207 214 296 299 364 372 401 444 460 474 500 530 599 604 607 625 658 692 725 785 809 831 848 863 896 925 992 1255 1266 1348 1376 1378 1411 }
{ 197 373 535 649 797 813 905 938 1123 1214 1227 1335 1479 1493 }
{ 85 552 1087 }
{ 45 54 64 142 147 255 257 258 259 260 261 262 266 272 291 297 348 353 400 421 422 423 424 427 435 507 524 558 578 589 660 672 711 735 744 762 763 828 839 843 849 881 899 910 914 942 985 989 991 996 1004 1006 1019 1022 1029 1034 1053 1055 1086 1099 1121 1126 1131 1140 1146 1156 1158 1209 1217 1218 1247 1264 1265 1301 1306 1307 1320 1350 1357 1407 1420 1425 1438 1476 1494 1497 }
{ 237 464 635 636 688 689 736 738 775 854 948 1028 1077 1224 1355 1359 1432 }
{ 31 39 81 96 100 104 317 483 537 546 616 626 665 697 708 710 917 922 962 965 1036 1061 1106 1238 1240 1246 1375 1377 }
{ 43 122 168 231 369 371 621 654 835 961 1108 1351 1451 }
{ 294 634 757 760 766 871 895 978 994 998 1030 1064 1138 1147 1148 1153 1165 1169 1182 1185 1282 1291 1292 1322 1428 1445 1446 1462 }
{ 419 497 923 1124 1196 1272 1279 1330 1343 1346 1392 1434 1449 1490 }
{ 278 433 461 566 580 633 732 1079 1082 1175 1277 1309 1349 1356 1363 1365 1423 1492 1495 }
{ 87 95 97 184 188 194 224 227 305 312 318 485 495 541 545 547 551 702 703 827 836 842 958 1104 1113 1201 1232 1242 1250 1385 1387 1454 1467 }
{ 3 4 7 15 52 124 153 159 162 167 235 236 254 256 263 264 270 284 285 287 332 342 362 363 365 399 403 404 407 437 445 446 468 469 472 476 479 488 489 491 493 504 506 508 526 543 544 554 557 561 564 569 575 587 588 592 603 627 629 630 699 707 717 719 724 727 733 734 737 739 740 747 769 795 799 803 814 840 841 851 853 857 858 860 870 887 888 893 897 928 936 949 950 951 952 970 972 973 976 984 986 988 1007 1011 1015 1024 1025 1070 1075 1076 1078 1080 1085 1137 1143 1144 1160 1177 1208 1219 1222 1233 1244 1271 1298 1310 1329 1352 1358 1390 1396 1417 1496 }
{ 80 391 1038 1042 1180 1316 1317 }
{ 1119 1198 }
{ 275 398 825 852 890 993 1054 1141 1245 1294 1362 1389 1426 }
{ 200 396 454 856 954 1027 1120 1134 1170 1223 1257 1260 1354 1364 1424 1450 1488 1489 1498 }
{ 37 48 50 92 93 118 215 302 351 352 471 659 694 705 714 817 820 1092 1093 1116 1187 1193 1231 1337 }
{ 86 113 218 221 267 350 667 1044 1056 1057 1191 1388 1464 }
{ 40 44 58 68 69 71 72 75 88 102 103 140 170 171 173 183 211 225 306 310 311 313 343 370 394 502 549 606 609 612 614 615 655 661 662 704 778 780 781 784 787 833 968 979 1037 1043 1063 1096 1112 1179 1181 1236 1237 1249 1315 1399 1452 }
{ 41 42 46 84 89 99 309 314 315 344 550 613 834 907 908 918 1089 1098 1107 1204 1380 1386 }
{ 77 94 125 180 678 712 826 829 960 }
{ 121 279 288 443 574 637 723 746 750 767 845 861 868 869 876 915 987 995 997 1110 1127 1129 1155 1157 1190 1203 1258 1276 1283 1285 1289 1394 1405 1409 1410 1413 1422 1427 1439 1444 1460 1481 }
{ 67 181 706 900 959 1248 1328 1466 }
{ 166 406 553 586 617 872 957 1035 1132 1151 1163 1195 1332 1398 1416 1419 1431 1436 1468 1469 }
{ 49 387 388 478 482 525 539 618 620 670 709 713 901 904 906 921 964 967 969 1039 1115 1200 1311 1381 }
{ 1499 }
{ 277 417 891 920 1161 1324 1475 }
{ 160 295 368 465 487 731 786 1017 1125 1159 1243 1274 1333 1379 1402 1440 1473 }
{ 66 115 126 154 156 280 286 292 329 345 360 428 470 481 484 486 490 521 555 568 570 632 687 722 741 742 772 774 783 805 824 879 880 981 982 1000 1067 1139 1154 1178 1183 1186 1215 1220 1254 1280 1314 1319 1327 1353 1372 1435 1442 1484 1486 }
{ 27 38 55 65 70 79 123 141 150 212 239 241 271 281 319 325 328 338 349 382 393 412 415 440 441 452 458 498 503 510 523 531 532 533 563 590 593 595 602 677 681 701 728 743 752 755 764 765 771 776 801 802 822 866 875 878 886 931 980 990 1032 1046 1069 1071 1136 1142 1241 1268 1286 1308 1339 1347 1412 1421 1480 }
{ 5 30 36 51 112 130 133 136 137 138 148 149 152 174 175 216 243 244 265 273 290 333 337 340 374 375 410 413 416 425 434 436 448 449 455 459 473 492 527 556 573 579 628 631 646 647 648 657 686 695 730 768 777 779 811 818 883 889 892 898 927 929 933 935 939 955 983 1013 1018 1021 1066 1068 1072 1073 1084 1135 1202 1207 1212 1213 1225 1261 1344 1418 1447 1478 }
{ 6 47 53 59 78 139 163 177 178 190 199 220 222 289 304 307 316 356 389 438 457 499 528 610 653 716 718 729 748 751 859 862 924 1012 1130 1205 1226 1228 1252 1262 1270 1318 1326 1465 }
{ 20 161 234 366 411 494 567 596 601 608 680 759 819 844 867 873 884 937 1020 1081 1083 1109 1145 1164 1167 1235 1273 1302 1305 1342 1360 1368 1373 1461 1477 1485 1491 }
{ 466 522 559 571 572 576 619 641 650 664 669 758 864 943 1014 1047 1105 1206 1221 1278 1293 1323 1361 1430 1487 }
{ 60 82 91 98 185 308 529 538 798 916 1239 1366 1453 }
{ 101 179 192 219 336 347 357 358 383 451 501 548 585 684 885 963 966 999 1058 1065 1166 1174 1192 1211 1251 1341 1371 1384 }
{ 9 276 405 409 431 565 838 847 953 971 977 1122 1400 1404 1406 1408 }
{ 1 18 29 34 134 169 172 176 217 229 232 242 248 249 274 303 378 384 386 392 639 644 651 652 693 770 807 810 816 913 919 934 940 944 1003 1059 1149 1150 1259 1312 1448 1470 }
{ 240 418 475 540 623 624 690 1051 1370 }
{ 17 144 157 189 191 335 346 390 395 456 463 509 560 605 611 756 823 874 941 1041 1088 1210 }
{ 73 193 226 334 656 850 903 932 947 1040 1101 1263 1382 1403 1483 }
{ 8 26 63 145 228 238 298 300 301 753 894 945 1010 1216 1383 1397 1474 }
{ 131 283 377 381 397 505 600 622 715 726 789 1031 1033 1048 1114 1152 1173 1256 1269 1284 1288 1290 1295 1296 1297 1299 1300 1303 1325 1340 1393 1395 1401 1414 1415 1429 1437 1441 1457 1463 }
{ 62 322 361 439 513 520 668 806 808 815 846 1005 1060 1188 1189 1194 1230 1275 1287 1331 1336 1391 1443 1471 1472 }
{ 108 205 536 832 865 1001 1118 1184 1197 1304 1433 }
-------
HAC average of average cluster similarities: 0.37996927392857477
HDC average of average cluster similarities: 0.33178304262722835
Clustering positive agreement: 0.008297777777777777
Clustering negative agreement: 0.9112604444444444
Clustering agreement composite: 0.9195582222222222
Clustering disagreement: 0.08044177777777783
