-------
{ 0 1 12 13 18 26 32 34 36 47 53 71 78 79 94 114 115 130 132 137 146 157 163 174 182 189 196 198 201 210 212 230 232 243 245 247 249 250 251 290 301 303 323 330 337 339 340 341 359 367 370 380 382 384 385 386 393 408 413 425 430 441 444 449 450 457 459 463 467 501 509 510 514 515 523 555 560 561 563 577 584 593 595 602 605 611 638 646 695 700 701 742 752 765 773 782 796 800 804 807 816 850 879 889 929 939 940 946 966 1002 1010 1049 1093 1101 1150 1168 1205 1241 1253 1268 1334 1347 }
{ 2 37 38 371 549 625 809 932 1238 }
{ 3 195 197 242 319 338 458 490 506 586 601 632 647 671 744 750 774 776 794 861 875 881 884 892 914 931 938 974 985 991 996 1029 1046 1068 1139 1140 1172 1213 1306 1339 1372 1409 1441 1443 }
{ 4 277 403 417 464 526 608 653 844 970 1025 1137 1177 1461 }
{ 5 30 105 108 154 244 293 331 453 891 1013 1327 }
{ 6 52 110 131 147 275 322 361 377 381 397 406 411 427 439 497 520 522 535 559 574 622 641 649 650 758 802 808 813 846 867 876 905 943 993 997 1031 1033 1071 1105 1117 1123 1152 1164 1166 1169 1173 1214 1229 1230 1256 1273 1276 1287 1290 1294 1295 1303 1335 1340 1345 1368 1391 1410 1412 1414 1417 1419 1422 1457 1460 1471 1472 1493 }
{ 7 17 27 126 143 144 164 178 191 280 284 304 316 342 346 355 410 418 428 437 474 484 487 488 493 494 496 562 598 686 719 731 747 748 749 855 857 874 984 986 990 1127 1165 1329 }
{ 8 16 20 54 63 65 101 135 140 141 145 153 167 241 255 256 285 354 412 446 447 456 477 532 553 554 581 583 594 679 681 705 743 751 753 756 764 799 885 917 972 1008 1032 1052 1136 1151 1286 1367 1371 1379 1383 }
{ 9 142 257 258 259 260 263 264 266 276 291 348 396 400 402 409 421 423 440 508 524 533 579 588 589 660 735 840 841 847 971 977 1022 1121 1265 1404 1406 1408 }
{ 10 62 158 267 378 678 699 817 878 981 992 1005 1125 1266 1272 1336 1395 1411 }
{ 11 235 236 237 254 273 287 332 333 362 366 436 445 466 468 473 629 648 689 692 717 727 736 737 740 769 814 824 873 887 897 928 937 948 955 973 988 1024 1075 1080 1081 1109 1129 1133 1218 1225 1233 1254 1267 1271 1358 1359 1402 }
{ 14 289 492 504 507 575 590 768 853 886 982 1215 }
{ 15 148 160 294 558 569 592 596 715 757 760 762 849 856 871 899 978 994 1001 1004 1126 1134 1145 1146 1156 1257 1260 1264 1281 1292 1300 1304 1357 1396 1424 1425 1426 1428 1432 1438 }
{ 19 76 124 228 238 299 365 401 460 470 530 628 658 786 810 1351 }
{ 21 25 66 74 125 155 272 292 300 357 395 480 542 568 666 745 761 772 812 866 908 1000 1199 1442 1448 1478 }
{ 22 51 106 133 139 149 150 152 156 165 207 261 262 268 269 281 283 298 320 375 414 415 424 426 432 435 438 442 452 455 462 521 556 578 582 591 640 645 720 754 755 766 771 789 882 890 893 898 927 952 975 1009 1016 1018 1023 1028 1034 1073 1135 1171 }
{ 23 24 83 107 109 111 202 204 205 206 209 321 325 326 511 512 517 643 674 675 676 790 791 792 865 909 911 1184 1186 1321 1322 1323 }
{ 28 216 282 368 465 683 888 1128 1325 1374 }
{ 29 50 175 176 390 651 657 659 684 894 1065 1210 1337 }
{ 31 119 1064 1332 }
{ 33 40 185 193 312 547 610 662 851 859 944 980 1111 1262 1263 1403 1453 }
{ 35 134 246 360 486 519 663 811 821 913 934 1045 1050 }
{ 39 46 179 180 181 314 546 616 706 1246 }
{ 41 58 69 81 88 98 170 183 184 188 211 309 310 311 502 529 538 599 606 609 612 613 704 710 714 785 833 834 842 979 1037 1096 1179 1236 1240 1244 1376 1380 1384 1390 }
{ 42 44 95 96 99 224 248 448 478 482 539 541 551 614 620 626 709 713 836 964 1115 1239 1242 }
{ 43 168 231 369 373 543 702 835 1108 1227 1231 }
{ 45 84 162 307 }
{ 48 215 219 343 351 471 483 485 621 667 711 712 784 795 820 829 918 920 958 1036 1092 1467 }
{ 49 92 102 104 313 708 798 828 965 967 969 1061 1063 1106 1237 1375 }
{ 55 56 57 136 233 239 363 631 682 691 935 1348 }
{ 59 151 177 186 187 190 199 499 500 528 548 604 607 725 728 729 823 848 862 1130 1183 1255 1270 }
{ 60 91 }
{ 61 138 345 429 503 567 570 571 1020 1153 1170 1283 1319 }
{ 64 349 481 585 815 1054 1176 }
{ 67 80 513 900 902 1043 1245 1382 1455 }
{ 68 70 169 171 173 226 296 302 358 374 389 392 652 655 777 780 781 787 947 1312 1313 }
{ 72 75 77 112 297 661 783 1040 1041 1399 1452 }
{ 73 172 227 391 525 656 778 1038 1180 1201 1476 }
{ 82 707 831 }
{ 85 552 696 818 953 1087 1226 1364 1499 }
{ 86 253 1090 }
{ 87 89 100 103 240 305 306 317 318 336 550 615 619 697 830 960 962 1112 1249 1385 1387 1454 }
{ 90 308 545 827 852 961 968 1104 1113 1114 1247 }
{ 93 97 433 580 858 1158 }
{ 113 673 788 930 1042 1044 1314 1464 }
{ 116 117 118 213 356 664 797 801 924 925 959 1116 1194 }
{ 120 218 220 347 372 383 668 921 1191 1197 1465 }
{ 121 222 295 350 639 642 644 919 1055 1059 1062 1189 1301 1326 1330 1343 1421 1468 1473 1486 }
{ 122 217 }
{ 123 573 600 688 1030 1060 1190 1275 1288 1302 1331 1462 1481 }
{ 127 214 274 353 419 669 693 730 880 883 896 987 1003 1012 1021 1142 1154 1252 1261 1309 1418 1433 1436 1447 }
{ 128 203 324 327 516 518 672 793 1338 }
{ 129 252 329 }
{ 159 344 416 1099 1107 1174 1386 }
{ 161 469 472 630 634 635 733 734 738 739 936 949 950 951 1076 1079 1082 1083 1085 1086 1209 1221 1222 1224 1278 1350 1354 1360 1490 1496 1497 }
{ 166 983 1006 1019 1298 1341 }
{ 192 315 654 716 1228 1456 }
{ 194 564 603 637 775 869 915 1188 1333 }
{ 200 399 407 491 718 763 854 860 976 1235 1373 1440 }
{ 208 270 945 1220 1344 1483 }
{ 221 223 387 388 618 901 1056 1181 1200 1311 }
{ 225 1365 }
{ 229 234 364 475 941 1193 1491 1495 }
{ 265 1206 1307 }
{ 271 334 335 687 1202 }
{ 278 279 286 398 422 454 461 566 587 721 724 726 741 837 838 839 843 863 870 1007 1015 1120 1143 1144 1157 1269 1274 1299 1393 1401 1405 1420 1423 1430 1434 1437 1444 }
{ 288 845 868 995 1167 1211 1484 }
{ 328 895 1027 }
{ 352 537 698 912 916 956 1098 1100 1328 1366 1369 }
{ 376 685 933 1118 1203 1204 1243 1388 }
{ 379 498 505 597 723 1284 1415 }
{ 394 624 677 694 903 907 957 1316 1458 }
{ 404 443 557 576 770 803 805 806 1047 1161 1175 1196 }
{ 405 451 722 872 963 1132 1324 1416 1449 }
{ 420 767 923 989 999 1053 1124 1131 1159 1296 1320 1427 1429 1466 }
{ 431 926 1051 1091 1149 1470 }
{ 434 1067 1069 1480 }
{ 476 489 1212 1353 }
{ 479 1058 1192 }
{ 495 1258 1439 1463 }
{ 527 779 1208 1342 }
{ 531 572 822 864 877 1014 1122 1141 1163 1297 1308 1400 1489 }
{ 534 536 1094 1095 1097 1102 }
{ 540 544 623 690 703 }
{ 565 746 819 998 1048 1066 1070 1147 1148 1155 1162 1277 1279 1280 1282 1285 1291 1293 1305 1398 1413 1431 1435 1445 1446 1475 1479 1485 }
{ 617 1057 1195 1248 1469 }
{ 627 732 1077 1078 1217 1223 1355 1356 1361 1362 1363 1487 1488 1492 1494 1498 }
{ 633 636 942 1084 1219 1349 }
{ 665 670 825 1089 1232 }
{ 680 }
{ 759 1088 1103 1119 1138 1178 1182 1187 1198 1216 1234 }
{ 826 832 }
{ 904 906 1039 1315 1317 1318 1451 }
{ 910 1011 1017 1026 1074 1160 1185 1310 1346 1407 1459 1482 }
{ 922 1370 1381 }
{ 954 1289 1450 1477 }
{ 1035 1250 1251 1378 1389 }
{ 1072 1207 1352 1474 }
{ 1110 1377 }
{ 1259 1392 1394 1397 }
-------
{ 259 291 669 989 1004 1124 1132 1160 1307 1320 1336 1415 1445 }
{ 7 19 190 217 631 729 823 859 935 983 1021 1241 }
{ 1088 }
{ 3 220 293 295 368 400 429 436 559 573 591 688 772 774 815 863 884 891 936 995 1003 1034 1066 1274 1441 }
{ 4 28 55 117 118 132 189 201 215 242 243 246 250 271 329 330 413 430 432 449 504 647 651 679 681 682 751 752 800 971 972 1028 1032 1202 1208 }
{ 85 552 654 818 1364 1499 }
{ 60 76 88 125 395 401 460 502 538 607 609 612 659 831 1179 1348 1452 1453 }
{ 746 819 876 994 998 1060 1159 1169 1184 1281 1289 1304 1333 1346 1410 1434 1439 1481 1482 }
{ 43 67 124 197 231 233 338 363 365 470 571 603 649 677 699 702 813 817 829 835 917 1083 1097 1100 1174 1214 1227 1270 1340 1358 1362 1368 1475 1493 }
{ 50 184 318 369 371 678 690 704 1255 1351 1370 1486 }
{ 45 953 }
{ 253 294 472 572 630 634 732 758 1075 1077 1078 1079 1145 1209 1217 1221 1222 1298 1354 1356 1361 1363 1491 }
{ 391 838 1122 1157 1323 1391 1459 1462 1476 }
{ 41 91 102 615 1382 }
{ 66 71 72 75 298 526 656 662 780 1040 1121 1245 1399 }
{ 108 110 156 158 195 206 229 323 462 663 666 672 767 790 880 881 914 981 1149 1166 1280 1337 1411 1442 }
{ 696 }
{ 84 90 223 308 313 387 478 551 827 852 968 1063 1106 1250 1365 1366 1467 }
{ 159 278 405 407 569 592 715 757 762 871 899 910 954 978 1001 1030 1047 1134 1138 1148 1156 1292 1301 1349 1423 1424 1426 }
{ 40 44 58 87 89 92 98 100 165 183 188 194 306 310 312 364 485 495 528 529 545 547 550 606 614 618 626 667 697 842 965 1112 1236 1237 1238 1239 1246 1247 1249 1381 1385 1386 1454 }
{ 185 219 372 712 904 916 1191 }
{ 328 1027 1294 1299 1394 }
{ 600 997 1143 1269 1283 1284 1332 1392 1429 }
{ 1 207 351 374 477 799 1051 1065 1118 1286 1317 }
{ 16 46 78 115 175 198 211 274 301 380 386 433 493 542 590 753 783 805 833 840 850 853 870 980 1000 1041 }
{ 254 437 576 650 867 1015 1090 1141 1327 1373 1472 }
{ 82 483 907 918 979 1043 1114 1316 }
{ 64 131 373 427 505 1026 1033 1206 1290 1485 }
{ 161 162 172 187 270 469 487 508 733 739 844 949 950 951 1024 1085 1086 1110 1146 1147 1177 1185 1302 1306 1350 1400 1407 1450 1490 }
{ 29 130 334 507 531 657 1186 1212 1263 }
{ 129 305 350 353 356 397 458 481 537 586 670 801 802 830 959 960 993 1052 1058 1071 1116 1123 1195 1252 1305 1325 1330 1412 1416 1468 }
{ 21 42 224 314 539 541 836 1104 1242 }
{ 127 378 475 628 728 768 810 1064 1158 1266 1417 1436 1446 1495 }
{ 9 153 279 284 287 396 403 410 424 445 455 476 488 490 494 496 556 557 587 588 598 601 717 719 720 721 723 724 750 763 837 839 855 857 860 882 970 976 982 986 990 1125 1127 1129 1133 1142 1144 1171 1418 1432 1474 }
{ 93 94 343 438 694 701 711 }
{ 6 65 83 168 193 208 336 499 511 517 624 676 794 911 999 1046 1259 1282 1403 1409 1460 }
{ 103 142 214 311 619 623 744 785 963 1113 1375 }
{ 121 585 1014 1081 1153 1163 1176 1308 1326 }
{ 524 525 685 906 964 1037 1244 1455 }
{ 10 419 851 858 869 896 1397 1406 }
{ 8 13 141 145 146 174 245 276 360 390 412 420 441 447 486 501 518 519 554 761 765 792 908 940 1050 1136 1313 1338 }
{ 15 105 107 138 155 204 272 326 331 660 793 824 877 894 934 1016 1067 1073 1319 }
{ 288 845 1042 1107 1111 1314 1430 }
{ 23 111 321 359 536 812 }
{ 179 344 566 1367 1463 }
{ 24 144 680 684 722 748 786 811 }
{ 54 63 116 136 139 167 222 297 354 416 446 452 509 578 755 756 847 1072 1458 }
{ 157 319 332 335 337 450 516 561 769 776 927 945 1010 1383 }
{ 104 957 961 1182 }
{ 12 32 86 109 113 163 196 210 230 232 241 265 269 384 385 393 440 471 523 548 563 593 639 673 773 782 804 883 889 919 933 939 1023 1347 }
{ 14 25 79 128 148 202 226 228 300 327 392 463 467 652 671 816 1199 1478 }
{ 513 665 788 902 1057 1074 }
{ 1187 }
{ 33 324 341 822 947 1205 1456 }
{ 61 465 692 759 923 1018 1161 1329 1343 1413 }
{ 38 56 57 135 150 213 216 239 247 251 280 283 309 339 383 415 426 451 480 532 533 553 555 625 693 698 700 703 705 742 866 875 892 1017 1068 1093 1172 1210 1234 1339 1360 1374 1421 1494 }
{ 99 192 479 620 709 1056 }
{ 62 604 973 1005 1053 1272 1277 1291 1310 }
{ 96 180 181 225 482 616 967 969 1061 1115 1248 }
{ 95 97 101 240 546 820 825 828 921 922 958 1108 }
{ 236 632 675 1353 }
{ 443 806 1196 }
{ 564 775 915 1019 1188 1309 1341 1433 }
{ 633 734 735 738 942 1103 1219 1223 1449 1488 1492 1497 1498 }
{ 20 48 261 267 285 286 422 454 456 581 582 594 597 708 885 1009 1253 1300 1378 1393 1401 }
{ 59 81 143 149 152 186 191 199 289 444 474 500 599 605 610 611 627 646 898 944 1101 1130 1207 1228 1262 1352 1380 1390 }
{ 1198 }
{ 2 182 347 367 370 560 583 745 771 1168 }
{ 31 177 248 303 315 317 549 798 807 1318 }
{ 123 346 377 379 398 414 710 726 741 766 789 848 893 943 985 991 996 1008 1020 1029 1048 1140 1183 1256 1273 1279 1295 1371 1405 1414 1444 1457 1480 }
{ 252 325 707 1232 1379 }
{ 122 716 932 1089 1092 }
{ 36 273 292 418 747 764 834 887 952 1025 1204 }
{ 277 417 558 608 635 760 862 895 1082 1224 1275 1278 1357 1489 }
{ 27 70 147 154 425 428 512 568 890 1049 1070 1135 1197 1447 1465 }
{ 435 510 589 595 714 725 1012 1240 1261 1268 1355 }
{ 322 520 522 580 668 687 743 846 865 878 879 924 1054 1154 1165 1189 1322 1428 }
{ 0 17 51 114 126 151 281 282 448 506 575 577 579 602 640 683 718 730 731 749 779 874 886 955 966 974 975 984 1128 1139 1376 1377 1470 }
{ 345 375 503 565 570 770 795 1007 1155 1175 1203 1285 1288 1296 1427 1479 }
{ 68 69 73 77 80 112 170 171 173 302 388 613 655 658 661 777 778 781 787 900 903 1181 1200 1311 1312 }
{ 18 26 30 106 137 164 176 178 212 218 238 260 262 268 290 296 299 304 316 333 340 342 349 376 389 409 457 459 464 492 514 515 527 530 540 544 562 584 596 648 653 686 695 814 929 930 931 946 992 1084 1150 1265 1461 1464 }
{ 1119 }
{ 160 200 461 849 856 1011 1087 1126 1131 1137 1167 1257 1260 1264 1396 1398 1404 1408 1422 1425 1438 }
{ 169 227 394 621 644 784 901 1036 1038 1039 1178 1180 1201 1315 1451 }
{ 166 1006 1216 }
{ 49 52 205 234 255 275 361 366 381 406 411 439 497 534 535 574 622 637 641 664 706 797 803 808 861 868 873 905 920 938 962 987 1031 1035 1098 1099 1102 1105 1109 1117 1151 1152 1162 1164 1173 1190 1194 1218 1229 1230 1231 1251 1276 1287 1293 1303 1328 1331 1335 1345 1384 1387 1389 1419 1431 1435 1437 1443 1466 1469 1471 1477 1487 1496 }
{ 244 453 521 791 909 1069 1094 1297 1321 1372 }
{ 221 257 258 263 264 266 348 421 423 431 498 617 872 977 1022 1395 1420 1483 }
{ 119 713 826 956 1193 }
{ 37 352 357 1192 }
{ 1226 }
{ 5 11 22 35 47 53 133 134 203 209 249 320 382 402 408 434 442 638 645 674 691 754 796 821 913 926 1002 1013 1045 1062 1095 1096 1213 1334 }
{ 1243 1388 }
{ 120 140 235 237 362 399 466 468 473 543 629 636 689 736 737 740 888 897 928 937 941 948 1076 1080 1220 1225 1233 1235 1342 1344 1359 }
{ 832 }
{ 39 307 }
{ 567 809 864 1170 1215 1448 }
{ 34 74 642 643 912 925 1369 1484 }
{ 256 404 489 491 727 841 843 854 988 1120 1254 1258 1267 1271 1324 1402 1440 }
{ 355 358 484 1044 1055 1059 1091 1211 1473 }
-------
HAC average of average cluster similarities: 0.4387219137531178
HDC average of average cluster similarities: 0.3961763129436928
Clustering positive agreement: 0.0027226666666666666
Clustering negative agreement: 0.9620426666666667
Clustering agreement composite: 0.9647653333333334
Clustering disagreement: 0.035234666666666636
