-------
{ 0 1 12 13 18 26 32 34 36 47 53 71 78 79 94 114 115 130 132 137 146 157 163 174 182 189 196 198 201 210 212 230 232 243 245 247 249 250 251 290 301 303 323 330 337 339 340 341 359 367 370 380 382 384 385 386 393 408 413 425 430 441 444 449 450 457 459 463 467 501 509 510 514 515 523 555 560 561 563 577 584 593 595 602 605 611 638 646 695 700 701 742 752 765 773 782 796 800 804 807 816 850 879 889 929 939 940 946 966 1002 1010 1049 1093 1101 1150 1168 1205 1241 1253 1268 1334 1347 }
{ 2 37 38 371 549 625 809 932 1238 }
{ 3 195 197 242 319 338 458 490 506 586 601 632 647 671 744 750 774 776 794 861 875 881 884 892 914 931 938 974 985 991 996 1029 1046 1068 1139 1140 1172 1213 1306 1339 1372 1409 1441 1443 }
{ 4 277 403 417 464 526 608 653 844 970 1025 1137 1177 1461 }
{ 5 30 105 108 154 244 293 331 453 891 1013 1327 }
{ 6 52 110 131 147 275 322 361 377 381 397 406 411 427 439 497 520 522 535 559 574 622 641 649 650 758 802 808 813 846 867 876 905 943 993 997 1031 1033 1071 1105 1117 1123 1152 1164 1166 1169 1173 1214 1229 1230 1256 1273 1276 1287 1290 1294 1295 1303 1335 1340 1345 1368 1391 1410 1412 1414 1417 1419 1422 1457 1460 1471 1472 1493 }
{ 7 17 27 126 143 144 164 178 191 280 284 304 316 342 346 355 410 418 428 437 474 484 487 488 493 494 496 562 598 686 719 731 747 748 749 855 857 874 984 986 990 1127 1165 1329 }
{ 8 16 20 54 63 65 101 135 140 141 145 153 167 241 255 256 285 354 412 446 447 456 477 532 553 554 581 583 594 679 681 705 743 751 753 756 764 799 885 917 972 1008 1032 1052 1136 1151 1286 1367 1371 1379 1383 }
{ 9 142 257 258 259 260 263 264 266 276 291 348 396 400 402 409 421 423 440 508 524 533 579 588 589 660 735 840 841 847 971 977 1022 1121 1265 1404 1406 1408 }
{ 10 62 158 267 378 678 699 817 878 981 992 1005 1125 1266 1272 1336 1395 1411 }
{ 11 235 236 237 254 273 287 332 333 362 366 436 445 466 468 473 629 648 689 692 717 727 736 737 740 769 814 824 873 887 897 928 937 948 955 973 988 1024 1075 1080 1081 1109 1129 1133 1218 1225 1233 1254 1267 1271 1358 1359 1402 }
{ 14 289 492 504 507 575 590 768 853 886 982 1215 }
{ 15 148 160 294 558 569 592 596 715 757 760 762 849 856 871 899 978 994 1001 1004 1126 1134 1145 1146 1156 1257 1260 1264 1281 1292 1300 1304 1357 1396 1424 1425 1426 1428 1432 1438 }
{ 19 76 124 228 238 299 365 401 460 470 530 628 658 786 810 1351 }
{ 21 25 66 74 125 155 272 292 300 357 395 480 542 568 666 745 761 772 812 866 908 1000 1199 1442 1448 1478 }
{ 22 51 106 133 139 149 150 152 156 165 207 261 262 268 269 281 283 298 320 375 414 415 424 426 432 435 438 442 452 455 462 521 556 578 582 591 640 645 720 754 755 766 771 789 882 890 893 898 927 952 975 1009 1016 1018 1023 1028 1034 1073 1135 1171 }
{ 23 24 83 107 109 111 202 204 205 206 209 321 325 326 511 512 517 643 674 675 676 790 791 792 865 909 911 1184 1186 1321 1322 1323 }
{ 28 216 282 368 465 683 888 1128 1325 1374 }
{ 29 50 175 176 390 651 657 659 684 894 1065 1210 1337 }
{ 31 119 1064 1332 }
{ 33 40 185 193 312 547 610 662 851 859 944 980 1111 1262 1263 1403 1453 }
{ 35 134 246 360 486 519 663 811 821 913 934 1045 1050 }
{ 39 46 179 180 181 314 546 616 706 1246 }
{ 41 58 69 81 88 98 170 183 184 188 211 309 310 311 502 529 538 599 606 609 612 613 704 710 714 785 833 834 842 979 1037 1096 1179 1236 1240 1244 1376 1380 1384 1390 }
{ 42 44 95 96 99 224 248 448 478 482 539 541 551 614 620 626 709 713 836 964 1115 1239 1242 }
{ 43 168 231 369 373 543 702 835 1108 1227 1231 }
{ 45 84 162 307 }
{ 48 215 219 343 351 471 483 485 621 667 711 712 784 795 820 829 918 920 958 1036 1092 1467 }
{ 49 92 102 104 313 708 798 828 965 967 969 1061 1063 1106 1237 1375 }
{ 55 56 57 136 233 239 363 631 682 691 935 1348 }
{ 59 151 177 186 187 190 199 499 500 528 548 604 607 725 728 729 823 848 862 1130 1183 1255 1270 }
{ 60 91 }
{ 61 138 345 429 503 567 570 571 1020 1153 1170 1283 1319 }
{ 64 349 481 585 815 1054 1176 }
{ 67 80 513 900 902 1043 1245 1382 1455 }
{ 68 70 169 171 173 226 296 302 358 374 389 392 652 655 777 780 781 787 947 1312 1313 }
{ 72 75 77 112 297 661 783 1040 1041 1399 1452 }
{ 73 172 227 391 525 656 778 1038 1180 1201 1476 }
{ 82 707 831 }
{ 85 552 696 818 953 1087 1226 1364 1499 }
{ 86 253 1090 }
{ 87 89 100 103 240 305 306 317 318 336 550 615 619 697 830 960 962 1112 1249 1385 1387 1454 }
{ 90 308 545 827 852 961 968 1104 1113 1114 1247 }
{ 93 97 433 580 858 1158 }
{ 113 673 788 930 1042 1044 1314 1464 }
{ 116 117 118 213 356 664 797 801 924 925 959 1116 1194 }
{ 120 218 220 347 372 383 668 921 1191 1197 1465 }
{ 121 222 295 350 639 642 644 919 1055 1059 1062 1189 1301 1326 1330 1343 1421 1468 1473 1486 }
{ 122 217 }
{ 123 573 600 688 1030 1060 1190 1275 1288 1302 1331 1462 1481 }
{ 127 214 274 353 419 669 693 730 880 883 896 987 1003 1012 1021 1142 1154 1252 1261 1309 1418 1433 1436 1447 }
{ 128 203 324 327 516 518 672 793 1338 }
{ 129 252 329 }
{ 159 344 416 1099 1107 1174 1386 }
{ 161 469 472 630 634 635 733 734 738 739 936 949 950 951 1076 1079 1082 1083 1085 1086 1209 1221 1222 1224 1278 1350 1354 1360 1490 1496 1497 }
{ 166 983 1006 1019 1298 1341 }
{ 192 315 654 716 1228 1456 }
{ 194 564 603 637 775 869 915 1188 1333 }
{ 200 399 407 491 718 763 854 860 976 1235 1373 1440 }
{ 208 270 945 1220 1344 1483 }
{ 221 223 387 388 618 901 1056 1181 1200 1311 }
{ 225 1365 }
{ 229 234 364 475 941 1193 1491 1495 }
{ 265 1206 1307 }
{ 271 334 335 687 1202 }
{ 278 279 286 398 422 454 461 566 587 721 724 726 741 837 838 839 843 863 870 1007 1015 1120 1143 1144 1157 1269 1274 1299 1393 1401 1405 1420 1423 1430 1434 1437 1444 }
{ 288 845 868 995 1167 1211 1484 }
{ 328 895 1027 }
{ 352 537 698 912 916 956 1098 1100 1328 1366 1369 }
{ 376 685 933 1118 1203 1204 1243 1388 }
{ 379 498 505 597 723 1284 1415 }
{ 394 624 677 694 903 907 957 1316 1458 }
{ 404 443 557 576 770 803 805 806 1047 1161 1175 1196 }
{ 405 451 722 872 963 1132 1324 1416 1449 }
{ 420 767 923 989 999 1053 1124 1131 1159 1296 1320 1427 1429 1466 }
{ 431 926 1051 1091 1149 1470 }
{ 434 1067 1069 1480 }
{ 476 489 1212 1353 }
{ 479 1058 1192 }
{ 495 1258 1439 1463 }
{ 527 779 1208 1342 }
{ 531 572 822 864 877 1014 1122 1141 1163 1297 1308 1400 1489 }
{ 534 536 1094 1095 1097 1102 }
{ 540 544 623 690 703 }
{ 565 746 819 998 1048 1066 1070 1147 1148 1155 1162 1277 1279 1280 1282 1285 1291 1293 1305 1398 1413 1431 1435 1445 1446 1475 1479 1485 }
{ 617 1057 1195 1248 1469 }
{ 627 732 1077 1078 1217 1223 1355 1356 1361 1362 1363 1487 1488 1492 1494 1498 }
{ 633 636 942 1084 1219 1349 }
{ 665 670 825 1089 1232 }
{ 680 }
{ 759 1088 1103 1119 1138 1178 1182 1187 1198 1216 1234 }
{ 826 832 }
{ 904 906 1039 1315 1317 1318 1451 }
{ 910 1011 1017 1026 1074 1160 1185 1310 1346 1407 1459 1482 }
{ 922 1370 1381 }
{ 954 1289 1450 1477 }
{ 1035 1250 1251 1378 1389 }
{ 1072 1207 1352 1474 }
{ 1110 1377 }
{ 1259 1392 1394 1397 }
-------
{ 85 953 1087 }
{ 84 97 120 168 343 351 369 485 544 546 549 621 694 711 784 820 829 832 904 956 1039 1108 1238 1451 1464 1467 }
{ 105 107 110 154 293 453 462 511 672 674 791 793 865 884 909 1014 1066 1067 1319 1405 }
{ 1226 }
{ 372 827 1106 1203 1243 }
{ 129 252 534 1097 }
{ 1103 }
{ 58 87 95 225 311 318 394 529 537 550 615 697 830 916 922 958 960 962 1043 1104 1113 1116 1237 1255 1328 1385 1454 }
{ 558 871 994 1047 1138 1257 1349 }
{ 52 272 288 461 566 824 845 1055 1369 1463 1484 }
{ 680 }
{ 235 237 273 332 364 446 472 473 474 627 629 699 769 935 948 951 955 1076 1078 1225 1359 }
{ 1094 }
{ 1110 }
{ 222 350 356 794 797 959 1058 1315 1331 }
{ 1088 }
{ 1185 1474 }
{ 62 557 668 803 806 923 1161 1189 1324 1486 }
{ 200 236 543 636 689 692 707 924 1075 1080 1220 1233 1235 1353 1483 }
{ 42 218 387 617 901 906 1038 1056 1301 1311 }
{ 217 1370 }
{ 552 696 1364 }
{ 1178 1187 1198 1216 1234 }
{ 80 388 1072 }
{ 37 221 654 1057 1090 }
{ 48 118 352 354 799 921 1051 1089 1091 1092 1098 }
{ 1346 1365 1473 }
{ 39 46 104 307 314 709 1377 }
{ 82 }
{ 160 399 405 1004 1132 1252 1272 1302 1309 1396 1416 1428 1433 }
{ 1330 1381 }
{ 122 395 1053 1074 1118 }
{ 124 231 363 630 736 737 738 1223 1355 1356 1362 }
{ 419 507 989 1027 1124 1126 1131 1143 1160 1307 1320 1392 1398 1404 1407 1408 }
{ 138 227 685 1042 1459 1476 }
{ 108 208 353 517 788 911 1290 }
{ 40 60 69 72 88 89 91 98 125 177 188 190 299 310 315 317 451 460 471 478 500 548 606 607 609 612 614 661 662 684 781 785 828 831 842 918 979 1179 1180 1236 1240 1249 1337 1378 1380 1452 }
{ 86 626 670 716 1062 1228 }
{ 119 282 368 433 465 }
{ 565 1176 1289 1439 1477 }
{ 56 531 822 }
{ 644 957 1191 }
{ 31 71 92 101 179 337 483 515 798 1065 1100 1246 1375 1448 }
{ 166 665 690 1099 1174 1384 }
{ 778 1316 }
{ 407 559 592 1083 1275 1310 }
{ 70 73 169 172 525 900 1036 1181 1317 1318 }
{ 155 851 945 1068 1084 1207 1344 1348 1360 }
{ 667 826 1193 1201 1332 }
{ 223 1117 1211 }
{ 313 704 708 }
{ 220 819 1373 1431 1485 }
{ 306 726 }
{ 334 536 896 1202 }
{ 15 20 57 75 79 103 112 116 126 136 139 145 162 163 164 174 189 248 260 281 291 300 303 316 342 346 403 409 415 425 440 448 455 459 496 528 553 575 578 582 590 593 653 657 705 714 748 755 765 840 847 850 882 892 991 1001 1010 1022 1034 1121 1280 1314 1399 1461 }
{ 366 466 633 634 635 732 942 1077 1079 1081 1221 1224 1277 1361 1363 1462 }
{ 895 1119 1298 }
{ 1342 }
{ 489 1007 1158 1170 }
{ 688 770 868 891 995 1013 1157 1167 1196 1274 1327 1333 1394 1430 }
{ 102 211 215 551 917 964 965 1063 1112 }
{ 818 992 1128 }
{ 391 417 }
{ 1212 }
{ 14 41 135 412 613 640 858 1000 1041 1199 1455 }
{ 205 520 570 650 1054 1095 1102 1184 1321 1322 1323 1341 1343 }
{ 6 766 877 890 893 1030 1153 1266 1297 }
{ 253 928 }
{ 270 277 294 295 436 454 464 564 669 739 757 762 844 849 899 936 978 998 1019 1073 1082 1134 1145 1147 1156 1209 1259 1269 1278 1292 1299 1300 1350 1354 1401 1415 1420 1423 1424 1425 1426 1432 1434 1438 1489 1490 1492 1498 }
{ 16 479 623 703 1037 }
{ 19 140 142 159 184 276 309 329 401 404 416 443 595 833 862 1244 1376 }
{ 954 1450 }
{ 33 53 76 78 81 94 199 241 302 336 344 475 501 658 659 710 780 834 1096 1107 1111 1204 1232 1383 1453 }
{ 234 365 470 664 678 937 1109 1495 }
{ 10 192 502 983 1012 1064 1142 1150 1261 1411 1447 }
{ 96 99 100 180 181 183 616 706 969 1061 1115 1239 1248 1366 1388 1491 }
{ 43 64 67 185 193 197 233 240 255 305 325 371 373 458 513 535 586 641 675 677 702 813 817 825 835 848 920 938 993 1035 1206 1214 1227 1231 1270 1351 1389 1471 1493 }
{ 1499 }
{ 68 77 170 171 173 226 229 296 297 298 301 374 386 389 524 526 655 656 777 783 787 902 903 934 947 980 1040 1200 1263 1312 }
{ 27 121 131 275 322 361 377 381 397 398 406 411 427 439 481 495 497 505 521 522 541 567 571 572 574 585 600 603 619 622 637 649 687 744 759 774 802 808 815 846 861 864 867 869 873 876 880 905 943 963 987 997 1020 1026 1031 1033 1048 1060 1069 1070 1071 1105 1123 1141 1148 1152 1154 1162 1163 1164 1166 1169 1173 1175 1183 1190 1195 1197 1217 1218 1229 1230 1258 1273 1276 1279 1281 1285 1287 1288 1291 1293 1294 1295 1303 1304 1305 1308 1326 1335 1336 1340 1345 1368 1391 1393 1409 1410 1412 1413 1414 1419 1421 1422 1435 1437 1441 1442 1443 1445 1457 1460 1465 1466 1468 1469 1472 1475 1478 1479 1480 1481 1482 1487 }
{ 21 44 49 219 224 482 539 713 836 961 967 1251 }
{ 608 715 1005 1159 1256 1282 1284 1429 1446 1449 }
{ 113 1182 }
{ 1208 }
{ 5 11 22 23 26 29 30 34 35 36 38 50 51 55 59 66 83 106 109 111 114 117 123 127 130 132 134 137 143 147 148 150 152 157 158 165 176 178 186 187 195 198 202 203 204 206 207 209 212 214 228 230 238 239 242 243 244 245 247 249 250 251 258 262 265 268 269 280 290 319 320 321 323 324 326 327 331 333 338 339 340 349 358 375 378 379 382 384 385 392 402 408 413 414 428 434 438 442 449 457 476 480 499 508 509 510 512 514 516 518 519 523 527 533 556 563 568 577 579 584 589 602 605 610 611 624 625 631 638 639 643 645 646 647 648 651 652 660 663 666 673 676 682 686 693 695 698 700 701 725 728 741 742 752 754 767 771 772 773 782 789 790 792 796 800 801 804 805 807 810 812 821 823 859 866 874 875 878 879 881 883 889 913 914 919 926 927 929 930 931 932 933 939 940 944 946 974 975 981 999 1002 1009 1016 1018 1021 1023 1045 1046 1049 1050 1059 1093 1101 1130 1139 1149 1165 1168 1172 1186 1205 1210 1213 1215 1241 1262 1265 1334 1339 1347 1372 1374 1403 1456 }
{ 0 18 25 144 191 196 210 232 246 274 330 335 341 347 355 376 383 418 456 467 477 484 493 532 560 618 712 745 747 753 761 764 908 966 1017 1032 1052 1136 1192 1286 1338 1367 1371 1470 }
{ 576 723 915 1006 1188 }
{ 45 90 194 308 312 545 547 604 852 1114 1242 1250 1382 1386 1387 1458 }
{ 775 1436 }
{ 3 4 151 161 175 278 304 348 421 423 437 469 530 596 599 724 733 758 786 795 841 856 910 949 970 1011 1015 1024 1025 1028 1085 1086 1137 1146 1177 1219 1329 1357 1358 1390 1400 1406 1417 1427 }
{ 1 2 12 13 24 28 32 54 63 65 115 128 133 146 153 182 201 213 216 257 263 267 328 359 360 367 370 380 390 426 430 441 447 450 452 463 486 503 542 554 555 561 562 569 581 583 594 679 681 691 719 743 749 751 756 779 811 885 894 912 925 941 972 1008 1151 1253 1268 }
{ 149 156 283 284 410 420 422 429 432 490 492 587 591 597 598 683 720 721 768 837 839 843 855 857 863 898 986 988 990 1003 1129 1133 1135 1171 1254 1267 }
{ 8 167 254 256 271 540 888 }
{ 809 }
{ 487 494 498 506 601 731 760 1125 1379 1395 1397 1494 1496 }
{ 7 9 17 141 259 261 264 266 279 285 286 287 289 292 362 396 400 424 431 435 444 445 468 488 491 504 580 588 628 632 717 718 722 727 729 730 734 735 740 750 763 776 814 838 853 854 860 870 872 886 887 897 950 952 971 973 976 977 982 984 985 996 1029 1120 1122 1127 1140 1144 1222 1260 1264 1271 1306 1313 1325 1352 1402 1418 1440 1444 1488 1497 }
{ 47 74 93 393 671 816 }
{ 61 345 573 746 1155 1283 1296 }
{ 538 620 907 968 1245 1247 }
{ 357 642 1044 1194 }
-------
HAC average of average cluster similarities: 0.4387219137531178
HDC average of average cluster similarities: 0.47190984046375645
Clustering positive agreement: 0.006396444444444444
Clustering negative agreement: 0.9351333333333334
Clustering agreement composite: 0.9415297777777778
Clustering disagreement: 0.0584702222222222
