-------
{ 0 1 12 13 18 26 32 34 36 47 53 71 78 79 94 114 115 130 132 137 146 157 163 174 182 189 196 198 201 210 212 230 232 243 245 247 249 250 251 290 301 303 323 330 337 339 340 341 359 367 370 380 382 384 385 386 393 408 413 425 430 441 444 449 450 457 459 463 467 501 509 510 514 515 523 555 560 561 563 577 584 593 595 602 605 611 638 646 695 700 701 742 752 765 773 782 796 800 804 807 816 850 879 889 929 939 940 946 966 1002 1010 1049 1093 1101 1150 1168 1205 1241 1253 1268 1334 1347 }
{ 2 37 38 371 549 625 809 932 1238 }
{ 3 195 197 242 319 338 458 490 506 586 601 632 647 671 744 750 774 776 794 861 875 881 884 892 914 931 938 974 985 991 996 1029 1046 1068 1139 1140 1172 1213 1306 1339 1372 1409 1441 1443 }
{ 4 277 403 417 464 526 608 653 844 970 1025 1137 1177 1461 }
{ 5 30 105 108 154 244 293 331 453 891 1013 1327 }
{ 6 52 110 131 147 275 322 361 377 381 397 406 411 427 439 497 520 522 535 559 574 622 641 649 650 758 802 808 813 846 867 876 905 943 993 997 1031 1033 1071 1105 1117 1123 1152 1164 1166 1169 1173 1214 1229 1230 1256 1273 1276 1287 1290 1294 1295 1303 1335 1340 1345 1368 1391 1410 1412 1414 1417 1419 1422 1457 1460 1471 1472 1493 }
{ 7 17 27 126 143 144 164 178 191 280 284 304 316 342 346 355 410 418 428 437 474 484 487 488 493 494 496 562 598 686 719 731 747 748 749 855 857 874 984 986 990 1127 1165 1329 }
{ 8 16 20 54 63 65 101 135 140 141 145 153 167 241 255 256 285 354 412 446 447 456 477 532 553 554 581 583 594 679 681 705 743 751 753 756 764 799 885 917 972 1008 1032 1052 1136 1151 1286 1367 1371 1379 1383 }
{ 9 142 257 258 259 260 263 264 266 276 291 348 396 400 402 409 421 423 440 508 524 533 579 588 589 660 735 840 841 847 971 977 1022 1121 1265 1404 1406 1408 }
{ 10 62 158 267 378 678 699 817 878 981 992 1005 1125 1266 1272 1336 1395 1411 }
{ 11 235 236 237 254 273 287 332 333 362 366 436 445 466 468 473 629 648 689 692 717 727 736 737 740 769 814 824 873 887 897 928 937 948 955 973 988 1024 1075 1080 1081 1109 1129 1133 1218 1225 1233 1254 1267 1271 1358 1359 1402 }
{ 14 289 492 504 507 575 590 768 853 886 982 1215 }
{ 15 148 160 294 558 569 592 596 715 757 760 762 849 856 871 899 978 994 1001 1004 1126 1134 1145 1146 1156 1257 1260 1264 1281 1292 1300 1304 1357 1396 1424 1425 1426 1428 1432 1438 }
{ 19 76 124 228 238 299 365 401 460 470 530 628 658 786 810 1351 }
{ 21 25 66 74 125 155 272 292 300 357 395 480 542 568 666 745 761 772 812 866 908 1000 1199 1442 1448 1478 }
{ 22 51 106 133 139 149 150 152 156 165 207 261 262 268 269 281 283 298 320 375 414 415 424 426 432 435 438 442 452 455 462 521 556 578 582 591 640 645 720 754 755 766 771 789 882 890 893 898 927 952 975 1009 1016 1018 1023 1028 1034 1073 1135 1171 }
{ 23 24 83 107 109 111 202 204 205 206 209 321 325 326 511 512 517 643 674 675 676 790 791 792 865 909 911 1184 1186 1321 1322 1323 }
{ 28 216 282 368 465 683 888 1128 1325 1374 }
{ 29 50 175 176 390 651 657 659 684 894 1065 1210 1337 }
{ 31 119 1064 1332 }
{ 33 40 185 193 312 547 610 662 851 859 944 980 1111 1262 1263 1403 1453 }
{ 35 134 246 360 486 519 663 811 821 913 934 1045 1050 }
{ 39 46 179 180 181 314 546 616 706 1246 }
{ 41 58 69 81 88 98 170 183 184 188 211 309 310 311 502 529 538 599 606 609 612 613 704 710 714 785 833 834 842 979 1037 1096 1179 1236 1240 1244 1376 1380 1384 1390 }
{ 42 44 95 96 99 224 248 448 478 482 539 541 551 614 620 626 709 713 836 964 1115 1239 1242 }
{ 43 168 231 369 373 543 702 835 1108 1227 1231 }
{ 45 84 162 307 }
{ 48 215 219 343 351 471 483 485 621 667 711 712 784 795 820 829 918 920 958 1036 1092 1467 }
{ 49 92 102 104 313 708 798 828 965 967 969 1061 1063 1106 1237 1375 }
{ 55 56 57 136 233 239 363 631 682 691 935 1348 }
{ 59 151 177 186 187 190 199 499 500 528 548 604 607 725 728 729 823 848 862 1130 1183 1255 1270 }
{ 60 91 }
{ 61 138 345 429 503 567 570 571 1020 1153 1170 1283 1319 }
{ 64 349 481 585 815 1054 1176 }
{ 67 80 513 900 902 1043 1245 1382 1455 }
{ 68 70 169 171 173 226 296 302 358 374 389 392 652 655 777 780 781 787 947 1312 1313 }
{ 72 75 77 112 297 661 783 1040 1041 1399 1452 }
{ 73 172 227 391 525 656 778 1038 1180 1201 1476 }
{ 82 707 831 }
{ 85 552 696 818 953 1087 1226 1364 1499 }
{ 86 253 1090 }
{ 87 89 100 103 240 305 306 317 318 336 550 615 619 697 830 960 962 1112 1249 1385 1387 1454 }
{ 90 308 545 827 852 961 968 1104 1113 1114 1247 }
{ 93 97 433 580 858 1158 }
{ 113 673 788 930 1042 1044 1314 1464 }
{ 116 117 118 213 356 664 797 801 924 925 959 1116 1194 }
{ 120 218 220 347 372 383 668 921 1191 1197 1465 }
{ 121 222 295 350 639 642 644 919 1055 1059 1062 1189 1301 1326 1330 1343 1421 1468 1473 1486 }
{ 122 217 }
{ 123 573 600 688 1030 1060 1190 1275 1288 1302 1331 1462 1481 }
{ 127 214 274 353 419 669 693 730 880 883 896 987 1003 1012 1021 1142 1154 1252 1261 1309 1418 1433 1436 1447 }
{ 128 203 324 327 516 518 672 793 1338 }
{ 129 252 329 }
{ 159 344 416 1099 1107 1174 1386 }
{ 161 469 472 630 634 635 733 734 738 739 936 949 950 951 1076 1079 1082 1083 1085 1086 1209 1221 1222 1224 1278 1350 1354 1360 1490 1496 1497 }
{ 166 983 1006 1019 1298 1341 }
{ 192 315 654 716 1228 1456 }
{ 194 564 603 637 775 869 915 1188 1333 }
{ 200 399 407 491 718 763 854 860 976 1235 1373 1440 }
{ 208 270 945 1220 1344 1483 }
{ 221 223 387 388 618 901 1056 1181 1200 1311 }
{ 225 1365 }
{ 229 234 364 475 941 1193 1491 1495 }
{ 265 1206 1307 }
{ 271 334 335 687 1202 }
{ 278 279 286 398 422 454 461 566 587 721 724 726 741 837 838 839 843 863 870 1007 1015 1120 1143 1144 1157 1269 1274 1299 1393 1401 1405 1420 1423 1430 1434 1437 1444 }
{ 288 845 868 995 1167 1211 1484 }
{ 328 895 1027 }
{ 352 537 698 912 916 956 1098 1100 1328 1366 1369 }
{ 376 685 933 1118 1203 1204 1243 1388 }
{ 379 498 505 597 723 1284 1415 }
{ 394 624 677 694 903 907 957 1316 1458 }
{ 404 443 557 576 770 803 805 806 1047 1161 1175 1196 }
{ 405 451 722 872 963 1132 1324 1416 1449 }
{ 420 767 923 989 999 1053 1124 1131 1159 1296 1320 1427 1429 1466 }
{ 431 926 1051 1091 1149 1470 }
{ 434 1067 1069 1480 }
{ 476 489 1212 1353 }
{ 479 1058 1192 }
{ 495 1258 1439 1463 }
{ 527 779 1208 1342 }
{ 531 572 822 864 877 1014 1122 1141 1163 1297 1308 1400 1489 }
{ 534 536 1094 1095 1097 1102 }
{ 540 544 623 690 703 }
{ 565 746 819 998 1048 1066 1070 1147 1148 1155 1162 1277 1279 1280 1282 1285 1291 1293 1305 1398 1413 1431 1435 1445 1446 1475 1479 1485 }
{ 617 1057 1195 1248 1469 }
{ 627 732 1077 1078 1217 1223 1355 1356 1361 1362 1363 1487 1488 1492 1494 1498 }
{ 633 636 942 1084 1219 1349 }
{ 665 670 825 1089 1232 }
{ 680 }
{ 759 1088 1103 1119 1138 1178 1182 1187 1198 1216 1234 }
{ 826 832 }
{ 904 906 1039 1315 1317 1318 1451 }
{ 910 1011 1017 1026 1074 1160 1185 1310 1346 1407 1459 1482 }
{ 922 1370 1381 }
{ 954 1289 1450 1477 }
{ 1035 1250 1251 1378 1389 }
{ 1072 1207 1352 1474 }
{ 1110 1377 }
{ 1259 1392 1394 1397 }
-------
{ 222 353 585 669 1055 1229 1298 1326 1332 }
{ 16 289 360 486 575 901 934 }
{ 42 44 73 80 224 241 388 478 620 709 713 961 964 969 1063 1115 1116 1211 1311 1381 1451 }
{ 65 97 227 560 624 829 1046 }
{ 46 180 314 616 706 1246 }
{ 140 273 418 539 543 544 604 607 619 623 707 984 1037 1125 1244 1376 1379 1390 }
{ 205 272 326 357 359 912 1062 1091 1102 1199 }
{ 552 696 818 }
{ 40 87 89 315 318 550 614 1216 }
{ 117 181 383 618 716 799 801 834 917 960 1052 1058 1371 }
{ 120 325 372 694 784 1316 }
{ 131 1030 1031 1122 1148 1260 1291 1302 1323 1404 1422 1429 1476 1492 }
{ 160 200 278 399 491 558 592 762 849 899 954 978 1134 1138 1145 1223 1257 1301 1373 1396 1424 1426 1428 1432 }
{ 6 138 147 149 158 290 421 514 561 693 695 756 811 883 884 895 896 946 977 1003 1012 1013 1021 1066 1073 1084 1149 1171 1202 1409 1430 1470 }
{ 1226 1364 1499 }
{ 603 723 758 985 995 997 1004 1027 1169 1269 1304 1306 1393 1415 1425 }
{ 240 253 350 535 641 664 794 905 920 956 1090 1194 1230 1345 1478 1493 }
{ 34 119 208 356 610 639 804 904 919 929 932 1186 1205 }
{ 82 }
{ 295 570 746 815 1153 1155 1170 1281 1283 1289 1450 1465 1481 }
{ 429 832 1019 1135 1143 1157 1274 1299 1327 1353 1392 1394 1420 1423 1427 1434 }
{ 358 654 1044 1187 }
{ 223 783 1245 1382 1387 1463 }
{ 1178 }
{ 480 541 666 802 959 1088 1234 1421 1468 }
{ 113 128 251 324 680 1097 }
{ 30 98 130 169 171 173 176 186 212 229 302 319 384 389 392 502 528 725 777 787 807 810 852 902 939 947 980 1038 1204 }
{ 141 380 416 554 753 764 1059 1286 }
{ 52 107 156 256 511 672 865 909 911 1067 1259 1343 1405 1439 1442 }
{ 61 216 260 297 337 406 507 657 747 748 769 864 1042 1280 1294 1417 }
{ 217 220 334 434 1014 1054 }
{ 116 172 178 185 187 193 296 316 340 385 476 509 646 653 700 831 859 874 }
{ 1182 }
{ 124 238 363 373 633 702 735 1081 1217 1220 1344 1462 1474 1475 1495 }
{ 161 407 631 636 738 809 935 936 1072 1077 1079 1086 1207 1208 1209 1349 1352 1357 1440 1496 }
{ 62 726 741 757 838 996 1053 1156 1197 1256 1271 1395 1410 1413 1483 1498 }
{ 19 175 196 252 299 401 435 444 470 492 494 526 530 648 658 743 786 900 1231 1312 }
{ 165 184 258 369 690 1317 }
{ 69 197 214 391 836 1121 1315 1351 }
{ 95 122 833 925 958 1043 1057 1100 1247 1262 1455 }
{ 414 520 522 766 791 846 867 890 993 1001 1026 1070 1095 1162 1206 1431 1472 }
{ 38 47 123 191 257 265 322 376 379 420 425 499 523 533 714 754 790 792 875 880 886 1018 1071 1094 1113 1130 1240 1250 1322 1367 1412 }
{ 1 25 59 83 110 111 199 203 206 210 245 282 320 321 336 442 457 467 518 548 563 566 638 671 676 770 782 796 800 812 848 866 914 926 1009 1107 1318 1341 1347 1374 1456 }
{ 345 668 868 1006 1309 }
{ 67 513 534 665 675 677 685 788 903 1457 1458 1464 }
{ 3 7 54 148 166 263 292 294 411 419 423 424 439 454 505 559 571 572 580 591 601 688 715 721 744 760 861 871 877 891 937 943 952 994 1029 1048 1140 1147 1164 1275 1279 1284 1290 1300 1307 1401 1436 1437 1445 1449 1482 }
{ 18 70 71 114 115 159 198 226 232 248 274 288 300 303 386 428 493 568 651 652 772 778 780 816 850 906 940 974 1016 1040 1041 1065 1319 1338 1399 1448 }
{ 53 78 163 170 177 242 262 524 590 593 656 862 966 1180 1261 }
{ 451 458 501 828 830 1123 1181 1384 }
{ 22 35 133 155 271 280 331 412 453 516 517 519 640 643 663 703 793 821 1050 }
{ 104 192 313 708 798 916 965 1061 1092 1112 1200 1248 1328 1330 1375 }
{ 48 75 93 101 118 132 135 179 190 246 330 351 354 395 456 477 546 549 626 673 679 745 761 823 908 921 1051 1093 1111 1308 }
{ 443 479 808 998 1196 1296 1443 }
{ 4 137 143 164 270 277 304 342 403 417 446 448 464 469 562 569 608 686 727 733 734 749 795 844 857 910 942 949 951 1011 1024 1025 1082 1085 1110 1129 1137 1165 1177 1221 1310 1350 1360 1407 1461 1490 1497 }
{ 239 436 437 452 474 602 611 776 879 992 1017 1028 }
{ 555 573 759 819 869 876 987 1007 1033 1152 1285 1287 1292 1297 1335 1340 1397 1402 1479 1480 1485 }
{ 264 279 396 445 488 587 589 596 660 717 724 731 837 854 870 898 953 1087 1126 1146 1265 1398 1400 1418 1486 }
{ 231 348 365 368 378 465 472 508 557 628 637 803 893 941 1076 1222 1358 1460 }
{ 259 400 775 858 915 1047 1120 1161 1254 1325 1336 }
{ 349 381 497 506 574 576 586 650 687 774 824 1005 1008 1141 1142 1154 1163 1183 1184 1252 1266 1273 1321 }
{ 14 21 66 542 617 1074 1119 1314 }
{ 2 8 9 15 17 20 28 77 112 126 136 139 145 152 153 157 162 261 267 281 283 284 285 298 333 398 409 410 432 455 459 487 490 496 504 553 556 578 588 598 605 719 720 728 751 755 768 839 840 843 847 853 855 856 863 882 885 887 933 971 972 975 981 986 988 990 991 1022 1034 1045 1068 1127 1133 1139 1144 1215 1263 1444 1446 }
{ 1198 }
{ 207 433 1015 1117 1118 1158 1185 1313 1346 1466 }
{ 27 307 397 632 674 767 999 1151 1214 1411 }
{ 228 346 413 440 449 742 1172 }
{ 29 249 374 390 527 531 805 822 894 1212 }
{ 39 94 182 215 317 343 370 371 615 670 711 1238 1383 1453 }
{ 600 872 1124 1132 1160 1190 1258 1276 1288 1293 1303 1324 1391 1416 1419 1433 1469 1477 }
{ 495 599 827 979 1104 1150 1255 1337 }
{ 45 64 305 312 545 649 797 1232 1251 1471 }
{ 266 276 405 427 461 763 841 989 1131 1219 1264 1320 1406 1408 1438 }
{ 24 142 144 151 167 254 287 291 404 540 722 729 817 835 851 888 970 982 1267 1270 }
{ 121 564 644 1189 1195 1331 }
{ 23 204 213 463 }
{ 0 5 11 12 13 26 32 36 51 55 57 63 76 106 146 174 189 201 230 233 243 247 250 268 269 301 327 328 335 339 341 367 382 393 402 408 422 426 430 441 447 450 500 510 532 577 581 583 584 594 595 647 655 681 682 683 691 701 752 765 771 773 781 789 889 931 983 1002 1010 1023 1032 1101 1128 1136 1168 1210 1241 1253 1268 1370 1447 }
{ 85 }
{ 150 154 244 275 286 375 377 438 462 481 503 521 536 579 582 622 730 779 845 892 927 938 963 1049 1064 1069 1213 1365 1372 1435 1441 }
{ 79 415 431 460 475 498 597 718 750 785 881 }
{ 306 923 1035 1114 1173 1176 }
{ 105 108 109 134 195 202 209 293 323 338 512 515 645 813 930 957 1334 1339 1389 1403 }
{ 56 347 698 820 1192 1228 }
{ 43 168 352 484 621 825 1000 1039 1098 1108 1454 }
{ 50 68 72 81 88 90 91 188 211 308 364 471 529 547 606 609 612 659 661 662 684 842 907 968 1179 1380 1385 1386 1452 }
{ 86 103 125 183 309 311 344 538 642 918 1249 1378 }
{ 394 525 667 1036 1201 }
{ 41 99 102 225 310 551 613 705 962 1236 1242 1243 1467 }
{ 1103 }
{ 49 84 92 219 387 697 967 1191 1366 }
{ 361 806 1060 1175 1188 1295 1305 1333 1414 1459 }
{ 33 74 329 355 537 704 710 922 1089 1099 1166 1174 1369 }
{ 31 218 221 913 1056 1473 1484 }
{ 235 236 332 362 366 466 468 473 627 629 634 635 689 732 736 737 739 897 924 928 945 948 950 1078 1080 1109 1224 1342 1354 1355 1356 1359 1361 1362 1363 1488 1494 }
{ 237 625 692 740 814 873 1159 1233 }
{ 37 234 630 699 955 1075 1083 1105 1218 1225 1235 1277 1278 1487 1489 1491 }
{ 10 127 878 944 1193 1282 1348 }
{ 129 255 678 1227 1272 1329 }
{ 58 60 194 483 485 826 1096 1388 }
{ 489 565 567 860 973 976 1020 1167 1203 1368 }
{ 96 100 482 712 1106 1237 1239 1377 }
-------
HAC average of average cluster similarities: 0.4387219137531178
HDC average of average cluster similarities: 0.3778067123672845
Clustering positive agreement: 0.003009777777777778
Clustering negative agreement: 0.9615626666666667
Clustering agreement composite: 0.9645724444444445
Clustering disagreement: 0.035427555555555545
