-------
{ 0 1 12 13 18 26 32 34 36 47 53 71 78 79 94 114 115 130 132 137 146 157 163 174 182 189 196 198 201 210 212 230 232 243 245 247 249 250 251 290 301 303 323 330 337 339 340 341 359 367 370 380 382 384 385 386 393 408 413 425 430 441 444 449 450 457 459 463 467 501 509 510 514 515 523 555 560 561 563 577 584 593 595 602 605 611 638 646 695 700 701 742 752 765 773 782 796 800 804 807 816 850 879 889 929 939 940 946 966 1002 1010 1049 1093 1101 1150 1168 1205 1241 1253 1268 1334 1347 }
{ 2 37 38 371 549 625 809 932 1238 }
{ 3 195 197 242 319 338 458 490 506 586 601 632 647 671 744 750 774 776 794 861 875 881 884 892 914 931 938 974 985 991 996 1029 1046 1068 1139 1140 1172 1213 1306 1339 1372 1409 1441 1443 }
{ 4 277 403 417 464 526 608 653 844 970 1025 1137 1177 1461 }
{ 5 30 105 108 154 244 293 331 453 891 1013 1327 }
{ 6 52 110 131 147 275 322 361 377 381 397 406 411 427 439 497 520 522 535 559 574 622 641 649 650 758 802 808 813 846 867 876 905 943 993 997 1031 1033 1071 1105 1117 1123 1152 1164 1166 1169 1173 1214 1229 1230 1256 1273 1276 1287 1290 1294 1295 1303 1335 1340 1345 1368 1391 1410 1412 1414 1417 1419 1422 1457 1460 1471 1472 1493 }
{ 7 17 27 126 143 144 164 178 191 280 284 304 316 342 346 355 410 418 428 437 474 484 487 488 493 494 496 562 598 686 719 731 747 748 749 855 857 874 984 986 990 1127 1165 1329 }
{ 8 16 20 54 63 65 101 135 140 141 145 153 167 241 255 256 285 354 412 446 447 456 477 532 553 554 581 583 594 679 681 705 743 751 753 756 764 799 885 917 972 1008 1032 1052 1136 1151 1286 1367 1371 1379 1383 }
{ 9 142 257 258 259 260 263 264 266 276 291 348 396 400 402 409 421 423 440 508 524 533 579 588 589 660 735 840 841 847 971 977 1022 1121 1265 1404 1406 1408 }
{ 10 62 158 267 378 678 699 817 878 981 992 1005 1125 1266 1272 1336 1395 1411 }
{ 11 235 236 237 254 273 287 332 333 362 366 436 445 466 468 473 629 648 689 692 717 727 736 737 740 769 814 824 873 887 897 928 937 948 955 973 988 1024 1075 1080 1081 1109 1129 1133 1218 1225 1233 1254 1267 1271 1358 1359 1402 }
{ 14 289 492 504 507 575 590 768 853 886 982 1215 }
{ 15 148 160 294 558 569 592 596 715 757 760 762 849 856 871 899 978 994 1001 1004 1126 1134 1145 1146 1156 1257 1260 1264 1281 1292 1300 1304 1357 1396 1424 1425 1426 1428 1432 1438 }
{ 19 76 124 228 238 299 365 401 460 470 530 628 658 786 810 1351 }
{ 21 25 66 74 125 155 272 292 300 357 395 480 542 568 666 745 761 772 812 866 908 1000 1199 1442 1448 1478 }
{ 22 51 106 133 139 149 150 152 156 165 207 261 262 268 269 281 283 298 320 375 414 415 424 426 432 435 438 442 452 455 462 521 556 578 582 591 640 645 720 754 755 766 771 789 882 890 893 898 927 952 975 1009 1016 1018 1023 1028 1034 1073 1135 1171 }
{ 23 24 83 107 109 111 202 204 205 206 209 321 325 326 511 512 517 643 674 675 676 790 791 792 865 909 911 1184 1186 1321 1322 1323 }
{ 28 216 282 368 465 683 888 1128 1325 1374 }
{ 29 50 175 176 390 651 657 659 684 894 1065 1210 1337 }
{ 31 119 1064 1332 }
{ 33 40 185 193 312 547 610 662 851 859 944 980 1111 1262 1263 1403 1453 }
{ 35 134 246 360 486 519 663 811 821 913 934 1045 1050 }
{ 39 46 179 180 181 314 546 616 706 1246 }
{ 41 58 69 81 88 98 170 183 184 188 211 309 310 311 502 529 538 599 606 609 612 613 704 710 714 785 833 834 842 979 1037 1096 1179 1236 1240 1244 1376 1380 1384 1390 }
{ 42 44 95 96 99 224 248 448 478 482 539 541 551 614 620 626 709 713 836 964 1115 1239 1242 }
{ 43 168 231 369 373 543 702 835 1108 1227 1231 }
{ 45 84 162 307 }
{ 48 215 219 343 351 471 483 485 621 667 711 712 784 795 820 829 918 920 958 1036 1092 1467 }
{ 49 92 102 104 313 708 798 828 965 967 969 1061 1063 1106 1237 1375 }
{ 55 56 57 136 233 239 363 631 682 691 935 1348 }
{ 59 151 177 186 187 190 199 499 500 528 548 604 607 725 728 729 823 848 862 1130 1183 1255 1270 }
{ 60 91 }
{ 61 138 345 429 503 567 570 571 1020 1153 1170 1283 1319 }
{ 64 349 481 585 815 1054 1176 }
{ 67 80 513 900 902 1043 1245 1382 1455 }
{ 68 70 169 171 173 226 296 302 358 374 389 392 652 655 777 780 781 787 947 1312 1313 }
{ 72 75 77 112 297 661 783 1040 1041 1399 1452 }
{ 73 172 227 391 525 656 778 1038 1180 1201 1476 }
{ 82 707 831 }
{ 85 552 696 818 953 1087 1226 1364 1499 }
{ 86 253 1090 }
{ 87 89 100 103 240 305 306 317 318 336 550 615 619 697 830 960 962 1112 1249 1385 1387 1454 }
{ 90 308 545 827 852 961 968 1104 1113 1114 1247 }
{ 93 97 433 580 858 1158 }
{ 113 673 788 930 1042 1044 1314 1464 }
{ 116 117 118 213 356 664 797 801 924 925 959 1116 1194 }
{ 120 218 220 347 372 383 668 921 1191 1197 1465 }
{ 121 222 295 350 639 642 644 919 1055 1059 1062 1189 1301 1326 1330 1343 1421 1468 1473 1486 }
{ 122 217 }
{ 123 573 600 688 1030 1060 1190 1275 1288 1302 1331 1462 1481 }
{ 127 214 274 353 419 669 693 730 880 883 896 987 1003 1012 1021 1142 1154 1252 1261 1309 1418 1433 1436 1447 }
{ 128 203 324 327 516 518 672 793 1338 }
{ 129 252 329 }
{ 159 344 416 1099 1107 1174 1386 }
{ 161 469 472 630 634 635 733 734 738 739 936 949 950 951 1076 1079 1082 1083 1085 1086 1209 1221 1222 1224 1278 1350 1354 1360 1490 1496 1497 }
{ 166 983 1006 1019 1298 1341 }
{ 192 315 654 716 1228 1456 }
{ 194 564 603 637 775 869 915 1188 1333 }
{ 200 399 407 491 718 763 854 860 976 1235 1373 1440 }
{ 208 270 945 1220 1344 1483 }
{ 221 223 387 388 618 901 1056 1181 1200 1311 }
{ 225 1365 }
{ 229 234 364 475 941 1193 1491 1495 }
{ 265 1206 1307 }
{ 271 334 335 687 1202 }
{ 278 279 286 398 422 454 461 566 587 721 724 726 741 837 838 839 843 863 870 1007 1015 1120 1143 1144 1157 1269 1274 1299 1393 1401 1405 1420 1423 1430 1434 1437 1444 }
{ 288 845 868 995 1167 1211 1484 }
{ 328 895 1027 }
{ 352 537 698 912 916 956 1098 1100 1328 1366 1369 }
{ 376 685 933 1118 1203 1204 1243 1388 }
{ 379 498 505 597 723 1284 1415 }
{ 394 624 677 694 903 907 957 1316 1458 }
{ 404 443 557 576 770 803 805 806 1047 1161 1175 1196 }
{ 405 451 722 872 963 1132 1324 1416 1449 }
{ 420 767 923 989 999 1053 1124 1131 1159 1296 1320 1427 1429 1466 }
{ 431 926 1051 1091 1149 1470 }
{ 434 1067 1069 1480 }
{ 476 489 1212 1353 }
{ 479 1058 1192 }
{ 495 1258 1439 1463 }
{ 527 779 1208 1342 }
{ 531 572 822 864 877 1014 1122 1141 1163 1297 1308 1400 1489 }
{ 534 536 1094 1095 1097 1102 }
{ 540 544 623 690 703 }
{ 565 746 819 998 1048 1066 1070 1147 1148 1155 1162 1277 1279 1280 1282 1285 1291 1293 1305 1398 1413 1431 1435 1445 1446 1475 1479 1485 }
{ 617 1057 1195 1248 1469 }
{ 627 732 1077 1078 1217 1223 1355 1356 1361 1362 1363 1487 1488 1492 1494 1498 }
{ 633 636 942 1084 1219 1349 }
{ 665 670 825 1089 1232 }
{ 680 }
{ 759 1088 1103 1119 1138 1178 1182 1187 1198 1216 1234 }
{ 826 832 }
{ 904 906 1039 1315 1317 1318 1451 }
{ 910 1011 1017 1026 1074 1160 1185 1310 1346 1407 1459 1482 }
{ 922 1370 1381 }
{ 954 1289 1450 1477 }
{ 1035 1250 1251 1378 1389 }
{ 1072 1207 1352 1474 }
{ 1110 1377 }
{ 1259 1392 1394 1397 }
-------
{ 5 23 26 57 75 111 130 135 140 150 170 171 173 182 210 247 251 268 269 296 307 320 327 334 340 393 401 412 418 467 477 509 515 523 563 602 673 700 747 752 765 777 781 875 885 889 908 912 980 984 1017 1037 1051 1052 1204 1205 1312 }
{ 565 890 996 1147 1203 1291 1304 1459 1482 }
{ 3 4 9 86 142 260 277 279 365 417 435 445 487 491 526 557 561 588 601 717 721 724 727 740 763 843 844 849 854 860 870 888 893 897 937 970 973 988 1011 1024 1028 1076 1083 1120 1121 1146 1200 1208 1218 1271 1310 1313 1314 1358 1400 1440 1461 }
{ 85 552 696 818 953 1087 1226 1364 1499 }
{ 30 204 512 518 519 676 796 930 1187 }
{ 118 120 343 618 835 917 1046 1234 }
{ 92 102 179 215 241 310 314 478 708 964 965 1063 1237 1239 1242 1375 1377 }
{ 224 225 306 388 482 539 613 921 969 1115 1243 }
{ 42 87 99 318 538 551 620 709 960 961 1072 1346 }
{ 573 666 683 805 898 1067 1135 1175 1325 1427 }
{ 154 155 272 429 453 461 480 566 674 871 934 1013 1016 1143 1299 1300 1327 1401 1430 }
{ 357 434 521 812 1015 }
{ 95 234 255 325 537 1108 1270 }
{ 107 213 220 326 350 356 664 925 1054 1343 1484 }
{ 569 886 1349 }
{ 80 621 795 826 916 1038 1193 1316 1451 }
{ 21 49 240 305 697 713 794 836 846 }
{ 43 59 625 809 813 932 1071 1214 }
{ 293 580 1156 1272 }
{ 368 391 419 465 472 895 1003 1004 }
{ 28 278 443 718 1402 1438 }
{ 405 1132 1378 }
{ 592 949 1064 1221 1223 1398 1434 1495 }
{ 29 209 331 462 517 536 788 792 793 811 1018 1094 }
{ 119 633 858 1124 1185 1259 1397 }
{ 114 212 248 375 449 486 533 568 772 853 927 974 1041 1049 1065 1181 1198 1448 }
{ 1088 1103 1216 }
{ 253 685 852 1042 1463 1478 }
{ 31 479 1058 1192 }
{ 172 249 349 438 451 981 992 1012 1036 }
{ 37 352 694 817 957 1098 1106 1248 1328 1388 1467 }
{ 113 677 784 907 1182 }
{ 1119 }
{ 48 219 221 387 485 654 1056 1211 1238 1251 1311 }
{ 52 64 67 361 586 702 797 802 806 829 905 920 938 1331 1468 1471 }
{ 218 670 1117 1456 }
{ 185 324 610 611 687 903 909 1101 1186 1210 1262 }
{ 531 }
{ 100 665 699 956 959 1091 1109 1116 }
{ 396 431 600 837 1019 1219 1256 1257 1260 1306 1406 1415 }
{ 259 261 266 297 348 400 421 423 589 735 942 989 1222 1265 1301 1307 }
{ 193 208 642 1464 }
{ 27 110 322 439 520 522 567 572 585 603 619 637 650 669 746 759 775 791 815 819 830 861 865 867 873 876 884 915 943 963 1005 1014 1026 1030 1035 1060 1141 1152 1155 1163 1188 1206 1252 1266 1277 1279 1282 1285 1287 1288 1293 1305 1322 1361 1379 1391 1409 1413 1417 1419 1431 1446 1462 1475 1479 1481 1487 1491 }
{ 160 166 399 715 762 978 994 1134 1145 1309 1424 1426 }
{ 923 998 1161 1284 1332 1395 1416 1433 1436 1449 }
{ 222 1097 1370 }
{ 121 668 1044 1055 1189 1326 1330 1486 }
{ 72 88 98 183 188 364 502 529 550 604 606 609 612 662 842 979 1096 1104 1255 1380 1386 }
{ 667 803 1057 1317 }
{ 197 275 377 381 397 398 411 427 458 497 505 559 574 622 706 744 774 808 863 999 1020 1029 1033 1047 1048 1070 1123 1162 1164 1173 1195 1274 1275 1276 1283 1297 1335 1336 1368 1389 1393 1405 1422 1423 1437 1442 1444 1466 1469 1472 1480 1485 1493 }
{ 53 69 82 91 178 184 199 207 242 528 599 659 661 704 714 831 1166 1179 1240 1348 1376 1453 }
{ 316 371 395 437 475 540 728 1068 1090 1215 1254 1360 }
{ 159 506 862 878 1114 1139 1142 1165 }
{ 112 286 420 591 597 839 847 877 1432 }
{ 200 292 294 407 424 576 824 899 954 1001 1212 }
{ 161 366 433 466 469 558 629 630 634 635 689 731 732 733 734 736 737 738 739 872 910 924 928 936 948 950 951 1075 1077 1078 1079 1081 1082 1085 1177 1209 1217 1324 1342 1350 1355 1356 1357 1359 1362 1363 1396 1474 1483 1488 1490 1492 1497 1498 }
{ 1 14 15 51 79 109 115 123 137 147 148 174 198 206 228 233 258 262 265 280 282 300 303 321 323 379 380 382 385 390 402 408 425 455 464 493 501 503 556 560 570 577 579 582 590 593 632 675 682 693 720 755 764 773 782 807 810 840 866 914 939 952 1002 1009 1045 1073 1150 1172 1178 1261 1280 1411 1428 1447 }
{ 6 7 77 104 126 127 138 163 164 176 191 264 289 290 301 302 384 386 389 409 440 628 651 657 779 785 787 850 874 894 947 1130 1138 1399 }
{ 995 997 1118 1148 1169 1281 1292 }
{ 498 1131 1298 1392 1394 }
{ 596 760 851 1110 1269 1302 1403 1408 1429 1445 }
{ 10 187 202 231 238 244 1069 1351 1352 }
{ 374 845 891 1050 1066 1167 1171 1319 }
{ 766 864 1125 1197 1278 1354 1410 1476 1489 }
{ 757 869 1027 1137 1159 1439 1450 }
{ 93 158 165 181 214 711 1273 1308 }
{ 33 36 55 74 83 132 134 149 229 232 245 274 346 355 359 414 442 457 514 542 605 616 638 645 646 652 660 663 695 722 742 801 816 822 883 975 1213 1334 1369 1418 }
{ 117 216 217 230 358 360 484 527 639 640 800 804 896 913 926 929 940 1000 1059 1062 1149 1337 1347 1372 1421 }
{ 45 129 373 470 535 641 723 993 1105 1194 1227 1229 1230 1231 1235 1290 1345 1443 1465 1477 }
{ 108 205 252 534 1095 }
{ 122 223 308 547 1043 1245 1247 1458 }
{ 192 351 471 483 549 712 798 820 918 1092 1366 }
{ 169 226 227 392 525 901 906 983 1201 1315 }
{ 96 180 313 958 962 1061 1112 1191 1381 }
{ 353 680 1176 }
{ 156 283 490 555 575 672 881 1157 1250 1267 1441 }
{ 61 489 553 571 726 741 767 987 1007 1034 1153 1158 1170 1258 1294 1295 1296 1303 1373 }
{ 190 338 481 880 1074 1154 1183 }
{ 124 235 236 237 304 332 362 363 369 468 473 474 543 544 623 627 636 692 707 941 945 1080 1207 1220 1224 1225 1344 1496 }
{ 84 151 270 378 495 778 859 944 1339 }
{ 90 312 615 678 833 968 1089 1100 1387 }
{ 105 288 454 643 730 770 868 1144 1196 1353 1420 }
{ 47 143 162 342 448 608 653 725 748 780 1113 1390 }
{ 295 345 564 684 688 1333 1341 1470 }
{ 56 101 116 317 347 383 541 626 705 828 966 1241 1246 1371 1374 }
{ 50 58 60 186 194 311 315 545 548 607 710 716 848 1228 1236 1382 }
{ 291 404 476 507 508 617 719 832 838 841 856 977 985 1006 1053 1086 1122 1126 1140 1160 1263 1264 1404 1407 1425 1494 }
{ 337 488 494 631 814 935 946 1021 1025 1084 1202 }
{ 70 73 524 656 783 900 902 1040 1318 1452 }
{ 168 372 904 1039 1233 }
{ 131 406 428 511 649 758 789 1031 1184 1289 1320 1321 1323 1340 1412 1414 1435 1457 1460 }
{ 40 41 44 71 81 89 125 211 614 827 1249 1385 }
{ 0 11 12 13 16 18 20 35 38 54 63 65 106 128 133 136 139 141 144 153 167 201 243 246 257 271 276 281 285 298 328 333 335 339 341 370 376 413 415 422 426 430 432 456 459 492 496 504 510 581 583 594 595 598 647 648 655 679 681 691 743 750 756 768 776 799 821 892 931 933 971 972 991 1022 1032 1128 1133 1136 1151 1168 1253 1268 }
{ 2 8 17 19 22 24 32 145 146 152 157 175 196 203 239 250 254 256 263 267 273 284 287 299 354 367 403 410 416 436 441 444 446 447 450 452 460 516 530 532 554 562 578 584 587 658 686 745 749 751 754 761 769 771 786 790 855 857 882 887 955 976 982 986 990 1008 1010 1023 1127 1129 1199 1244 1286 1338 1367 }
{ 25 66 78 94 103 189 195 319 330 336 463 499 500 624 701 703 729 823 834 879 1093 1383 }
{ 46 309 329 344 753 1099 1107 1174 }
{ 68 76 177 671 698 1111 1232 1455 }
{ 39 97 546 690 922 967 1384 }
{ 394 513 825 1180 1454 }
{ 34 62 644 911 919 1102 1190 1329 1365 1473 }
-------
HAC average of average cluster similarities: 0.4387219137531178
HDC average of average cluster similarities: 0.3640333820002257
Clustering positive agreement: 0.0033333333333333335
Clustering negative agreement: 0.9580773333333333
Clustering agreement composite: 0.9614106666666666
Clustering disagreement: 0.038589333333333364
