-------
{ 0 1 12 13 18 26 32 34 36 47 53 71 78 79 94 114 115 130 132 137 146 157 163 174 182 189 196 198 201 210 212 230 232 243 245 247 249 250 251 290 301 303 323 330 337 339 340 341 359 367 370 380 382 384 385 386 393 408 413 425 430 441 444 449 450 457 459 463 467 501 509 510 514 515 523 555 560 561 563 577 584 593 595 602 605 611 638 646 695 700 701 742 752 765 773 782 796 800 804 807 816 850 879 889 929 939 940 946 966 1002 1010 1049 1093 1101 1150 1168 1205 1241 1253 1268 1334 1347 }
{ 2 37 38 371 549 625 809 932 1238 }
{ 3 195 197 242 319 338 458 490 506 586 601 632 647 671 744 750 774 776 794 861 875 881 884 892 914 931 938 974 985 991 996 1029 1046 1068 1139 1140 1172 1213 1306 1339 1372 1409 1441 1443 }
{ 4 277 403 417 464 526 608 653 844 970 1025 1137 1177 1461 }
{ 5 30 105 108 154 244 293 331 453 891 1013 1327 }
{ 6 52 110 131 147 275 322 361 377 381 397 406 411 427 439 497 520 522 535 559 574 622 641 649 650 758 802 808 813 846 867 876 905 943 993 997 1031 1033 1071 1105 1117 1123 1152 1164 1166 1169 1173 1214 1229 1230 1256 1273 1276 1287 1290 1294 1295 1303 1335 1340 1345 1368 1391 1410 1412 1414 1417 1419 1422 1457 1460 1471 1472 1493 }
{ 7 17 27 126 143 144 164 178 191 280 284 304 316 342 346 355 410 418 428 437 474 484 487 488 493 494 496 562 598 686 719 731 747 748 749 855 857 874 984 986 990 1127 1165 1329 }
{ 8 16 20 54 63 65 101 135 140 141 145 153 167 241 255 256 285 354 412 446 447 456 477 532 553 554 581 583 594 679 681 705 743 751 753 756 764 799 885 917 972 1008 1032 1052 1136 1151 1286 1367 1371 1379 1383 }
{ 9 142 257 258 259 260 263 264 266 276 291 348 396 400 402 409 421 423 440 508 524 533 579 588 589 660 735 840 841 847 971 977 1022 1121 1265 1404 1406 1408 }
{ 10 62 158 267 378 678 699 817 878 981 992 1005 1125 1266 1272 1336 1395 1411 }
{ 11 235 236 237 254 273 287 332 333 362 366 436 445 466 468 473 629 648 689 692 717 727 736 737 740 769 814 824 873 887 897 928 937 948 955 973 988 1024 1075 1080 1081 1109 1129 1133 1218 1225 1233 1254 1267 1271 1358 1359 1402 }
{ 14 289 492 504 507 575 590 768 853 886 982 1215 }
{ 15 148 160 294 558 569 592 596 715 757 760 762 849 856 871 899 978 994 1001 1004 1126 1134 1145 1146 1156 1257 1260 1264 1281 1292 1300 1304 1357 1396 1424 1425 1426 1428 1432 1438 }
{ 19 76 124 228 238 299 365 401 460 470 530 628 658 786 810 1351 }
{ 21 25 66 74 125 155 272 292 300 357 395 480 542 568 666 745 761 772 812 866 908 1000 1199 1442 1448 1478 }
{ 22 51 106 133 139 149 150 152 156 165 207 261 262 268 269 281 283 298 320 375 414 415 424 426 432 435 438 442 452 455 462 521 556 578 582 591 640 645 720 754 755 766 771 789 882 890 893 898 927 952 975 1009 1016 1018 1023 1028 1034 1073 1135 1171 }
{ 23 24 83 107 109 111 202 204 205 206 209 321 325 326 511 512 517 643 674 675 676 790 791 792 865 909 911 1184 1186 1321 1322 1323 }
{ 28 216 282 368 465 683 888 1128 1325 1374 }
{ 29 50 175 176 390 651 657 659 684 894 1065 1210 1337 }
{ 31 119 1064 1332 }
{ 33 40 185 193 312 547 610 662 851 859 944 980 1111 1262 1263 1403 1453 }
{ 35 134 246 360 486 519 663 811 821 913 934 1045 1050 }
{ 39 46 179 180 181 314 546 616 706 1246 }
{ 41 58 69 81 88 98 170 183 184 188 211 309 310 311 502 529 538 599 606 609 612 613 704 710 714 785 833 834 842 979 1037 1096 1179 1236 1240 1244 1376 1380 1384 1390 }
{ 42 44 95 96 99 224 248 448 478 482 539 541 551 614 620 626 709 713 836 964 1115 1239 1242 }
{ 43 168 231 369 373 543 702 835 1108 1227 1231 }
{ 45 84 162 307 }
{ 48 215 219 343 351 471 483 485 621 667 711 712 784 795 820 829 918 920 958 1036 1092 1467 }
{ 49 92 102 104 313 708 798 828 965 967 969 1061 1063 1106 1237 1375 }
{ 55 56 57 136 233 239 363 631 682 691 935 1348 }
{ 59 151 177 186 187 190 199 499 500 528 548 604 607 725 728 729 823 848 862 1130 1183 1255 1270 }
{ 60 91 }
{ 61 138 345 429 503 567 570 571 1020 1153 1170 1283 1319 }
{ 64 349 481 585 815 1054 1176 }
{ 67 80 513 900 902 1043 1245 1382 1455 }
{ 68 70 169 171 173 226 296 302 358 374 389 392 652 655 777 780 781 787 947 1312 1313 }
{ 72 75 77 112 297 661 783 1040 1041 1399 1452 }
{ 73 172 227 391 525 656 778 1038 1180 1201 1476 }
{ 82 707 831 }
{ 85 552 696 818 953 1087 1226 1364 1499 }
{ 86 253 1090 }
{ 87 89 100 103 240 305 306 317 318 336 550 615 619 697 830 960 962 1112 1249 1385 1387 1454 }
{ 90 308 545 827 852 961 968 1104 1113 1114 1247 }
{ 93 97 433 580 858 1158 }
{ 113 673 788 930 1042 1044 1314 1464 }
{ 116 117 118 213 356 664 797 801 924 925 959 1116 1194 }
{ 120 218 220 347 372 383 668 921 1191 1197 1465 }
{ 121 222 295 350 639 642 644 919 1055 1059 1062 1189 1301 1326 1330 1343 1421 1468 1473 1486 }
{ 122 217 }
{ 123 573 600 688 1030 1060 1190 1275 1288 1302 1331 1462 1481 }
{ 127 214 274 353 419 669 693 730 880 883 896 987 1003 1012 1021 1142 1154 1252 1261 1309 1418 1433 1436 1447 }
{ 128 203 324 327 516 518 672 793 1338 }
{ 129 252 329 }
{ 159 344 416 1099 1107 1174 1386 }
{ 161 469 472 630 634 635 733 734 738 739 936 949 950 951 1076 1079 1082 1083 1085 1086 1209 1221 1222 1224 1278 1350 1354 1360 1490 1496 1497 }
{ 166 983 1006 1019 1298 1341 }
{ 192 315 654 716 1228 1456 }
{ 194 564 603 637 775 869 915 1188 1333 }
{ 200 399 407 491 718 763 854 860 976 1235 1373 1440 }
{ 208 270 945 1220 1344 1483 }
{ 221 223 387 388 618 901 1056 1181 1200 1311 }
{ 225 1365 }
{ 229 234 364 475 941 1193 1491 1495 }
{ 265 1206 1307 }
{ 271 334 335 687 1202 }
{ 278 279 286 398 422 454 461 566 587 721 724 726 741 837 838 839 843 863 870 1007 1015 1120 1143 1144 1157 1269 1274 1299 1393 1401 1405 1420 1423 1430 1434 1437 1444 }
{ 288 845 868 995 1167 1211 1484 }
{ 328 895 1027 }
{ 352 537 698 912 916 956 1098 1100 1328 1366 1369 }
{ 376 685 933 1118 1203 1204 1243 1388 }
{ 379 498 505 597 723 1284 1415 }
{ 394 624 677 694 903 907 957 1316 1458 }
{ 404 443 557 576 770 803 805 806 1047 1161 1175 1196 }
{ 405 451 722 872 963 1132 1324 1416 1449 }
{ 420 767 923 989 999 1053 1124 1131 1159 1296 1320 1427 1429 1466 }
{ 431 926 1051 1091 1149 1470 }
{ 434 1067 1069 1480 }
{ 476 489 1212 1353 }
{ 479 1058 1192 }
{ 495 1258 1439 1463 }
{ 527 779 1208 1342 }
{ 531 572 822 864 877 1014 1122 1141 1163 1297 1308 1400 1489 }
{ 534 536 1094 1095 1097 1102 }
{ 540 544 623 690 703 }
{ 565 746 819 998 1048 1066 1070 1147 1148 1155 1162 1277 1279 1280 1282 1285 1291 1293 1305 1398 1413 1431 1435 1445 1446 1475 1479 1485 }
{ 617 1057 1195 1248 1469 }
{ 627 732 1077 1078 1217 1223 1355 1356 1361 1362 1363 1487 1488 1492 1494 1498 }
{ 633 636 942 1084 1219 1349 }
{ 665 670 825 1089 1232 }
{ 680 }
{ 759 1088 1103 1119 1138 1178 1182 1187 1198 1216 1234 }
{ 826 832 }
{ 904 906 1039 1315 1317 1318 1451 }
{ 910 1011 1017 1026 1074 1160 1185 1310 1346 1407 1459 1482 }
{ 922 1370 1381 }
{ 954 1289 1450 1477 }
{ 1035 1250 1251 1378 1389 }
{ 1072 1207 1352 1474 }
{ 1110 1377 }
{ 1259 1392 1394 1397 }
-------
{ 953 }
{ 826 }
{ 1088 1119 1178 1216 }
{ 61 253 624 1158 }
{ 72 81 395 1377 }
{ 85 552 696 818 1087 1226 }
{ 433 644 687 795 1175 1283 }
{ 630 1353 1362 }
{ 1203 1243 1365 1482 }
{ 827 1381 }
{ 82 180 612 662 1453 }
{ 1103 }
{ 913 }
{ 1180 1206 1469 }
{ 154 520 815 905 943 1326 1341 1431 1443 1465 }
{ 10 152 178 217 401 435 508 648 699 817 992 1037 1125 1272 }
{ 220 465 858 }
{ 244 378 419 423 657 881 890 895 1003 1160 1183 1372 1403 }
{ 251 516 536 650 1097 1102 1176 }
{ 43 45 90 168 185 193 369 547 621 904 1039 1108 1193 1315 1351 }
{ 162 479 1132 1332 1411 }
{ 1364 }
{ 208 903 1483 }
{ 104 554 968 1242 1250 1366 1378 }
{ 62 1189 1484 }
{ 1198 }
{ 534 702 788 825 920 1089 1182 }
{ 86 665 957 1090 1463 1464 }
{ 670 922 1370 }
{ 7 260 289 489 599 719 1065 1296 }
{ 1187 }
{ 350 356 361 443 637 664 669 797 806 1195 1230 1290 1308 1325 1327 }
{ 680 }
{ 41 211 388 538 613 901 }
{ 37 119 122 351 485 659 697 711 820 918 1238 }
{ 234 365 475 522 622 937 1083 1084 1218 1460 1462 1487 }
{ 1499 }
{ 73 169 171 173 226 526 658 661 780 781 783 785 894 900 902 906 1040 1042 1181 1245 1318 1452 }
{ 80 227 394 513 525 778 784 907 1036 1038 1043 1201 1316 1455 }
{ 604 848 1255 1270 }
{ 31 120 218 219 223 347 483 668 1057 1191 1317 1388 1451 1467 }
{ 155 261 283 286 398 416 460 488 492 575 608 672 703 717 723 730 793 837 838 839 847 863 877 982 1034 1122 1133 1144 1254 1259 1264 1267 1397 1401 }
{ 39 46 314 546 616 }
{ 75 116 184 391 409 524 954 }
{ 334 700 1062 1202 }
{ 42 87 95 194 344 545 654 833 958 961 1179 1246 1367 }
{ 112 532 }
{ 448 487 493 748 1086 1222 }
{ 166 200 399 405 862 872 1221 1433 }
{ 138 400 564 565 775 915 1006 1019 1027 1298 1436 }
{ 107 293 331 462 930 1095 1338 }
{ 1148 1211 1439 }
{ 368 674 758 792 865 1030 1184 1322 1323 }
{ 28 74 151 282 576 770 1149 }
{ 252 329 }
{ 48 84 92 100 179 215 221 224 308 313 360 387 478 482 486 539 551 618 620 667 708 709 713 798 836 916 962 964 965 967 969 1056 1061 1063 1092 1106 1112 1115 1116 1200 1237 1239 1248 1262 1311 1328 }
{ 14 16 22 23 32 35 106 109 111 132 196 201 202 203 204 205 206 209 230 256 269 285 320 321 324 326 327 330 354 359 367 380 430 447 518 519 640 663 673 676 691 790 796 911 912 1002 1023 1045 1049 1050 }
{ 761 908 941 }
{ 427 803 1131 1135 1161 1269 1274 1392 1393 1405 1420 1427 1444 }
{ 636 1094 1495 }
{ 161 236 332 362 363 366 466 468 469 472 627 629 633 634 689 732 734 735 736 737 738 739 871 928 936 942 948 950 1004 1075 1077 1078 1079 1080 1081 1109 1209 1217 1219 1220 1223 1277 1299 1342 1349 1350 1354 1355 1356 1359 1361 1363 1423 1450 1488 1489 1490 1491 1492 1494 1496 1497 1498 }
{ 431 1067 1415 }
{ 348 498 }
{ 29 127 353 507 589 896 }
{ 124 270 678 1344 }
{ 617 925 1192 }
{ 213 333 432 434 442 453 454 591 597 666 683 688 769 824 888 891 898 927 1016 1120 1196 1260 1470 }
{ 121 411 497 505 559 567 585 603 690 746 759 808 819 861 864 867 873 876 884 923 963 981 987 997 998 1005 1020 1021 1026 1031 1033 1047 1060 1070 1105 1139 1140 1141 1152 1153 1154 1159 1163 1164 1169 1173 1188 1197 1276 1278 1279 1282 1284 1285 1287 1288 1291 1293 1295 1297 1302 1303 1304 1305 1331 1335 1336 1340 1345 1368 1391 1407 1409 1410 1414 1416 1419 1422 1437 1446 1449 1459 1466 1472 1477 1479 1481 1485 }
{ 33 113 222 642 919 924 929 1044 1111 1330 1343 1473 }
{ 1480 }
{ 55 128 129 135 271 412 531 1212 1232 }
{ 91 }
{ 68 70 71 77 130 163 170 172 177 186 187 212 214 229 249 296 297 302 343 358 374 384 386 389 392 440 500 528 548 590 605 610 626 652 656 714 725 777 787 813 828 859 947 980 1121 1130 1247 1263 1399 }
{ 108 791 1398 }
{ 3 288 521 557 571 580 628 772 868 1013 1018 1066 1319 1478 }
{ 1476 }
{ 4 76 140 143 149 237 254 273 277 279 284 287 304 316 396 403 410 417 420 429 436 437 444 445 449 464 473 474 490 491 494 504 509 530 540 587 588 596 623 653 692 718 720 721 724 727 731 733 740 776 786 789 814 831 843 844 853 854 860 870 882 887 893 897 951 955 970 976 977 984 988 1024 1025 1028 1029 1076 1082 1085 1127 1129 1137 1208 1215 1224 1225 1233 1235 1244 1258 1271 1312 1313 1358 1373 1376 1390 1400 1402 1406 1418 1440 1461 1475 }
{ 573 869 1445 }
{ 66 238 248 325 371 835 926 932 1069 1205 1210 }
{ 729 934 1068 1321 }
{ 6 52 147 164 197 231 262 264 275 322 381 397 406 421 424 458 470 506 514 569 586 601 686 693 766 794 801 802 846 878 880 938 952 993 1001 1012 1014 1017 1048 1123 1142 1185 1214 1231 1252 1265 1273 1280 1374 1428 1435 1447 }
{ 93 96 97 99 183 352 537 544 614 694 956 1098 }
{ 372 829 832 }
{ 5 375 527 }
{ 105 159 309 1171 1300 1432 }
{ 0 1 2 8 11 12 13 17 18 19 20 21 24 25 26 27 30 36 38 47 51 53 54 56 57 59 63 65 78 79 83 94 110 114 115 117 118 123 134 136 137 139 141 142 144 145 146 148 150 153 156 157 158 165 174 176 182 189 190 191 192 195 198 199 207 210 228 232 233 239 241 242 243 245 246 247 250 255 257 258 263 265 267 268 274 276 280 281 290 298 299 300 301 303 317 319 323 328 335 336 337 338 339 340 341 346 370 376 379 382 383 385 390 393 402 408 413 414 415 422 425 426 428 438 441 446 450 452 455 456 457 459 463 467 477 480 481 496 499 501 503 510 512 515 523 533 541 542 543 549 553 556 560 562 563 568 577 578 579 581 582 583 584 593 594 595 598 602 611 625 632 638 645 646 647 651 671 675 679 681 682 685 695 698 701 705 712 716 722 742 743 744 745 747 749 750 751 752 753 754 755 756 764 765 768 771 773 779 782 799 800 804 807 810 811 812 816 822 823 834 850 855 857 866 874 875 879 883 885 886 889 892 914 917 921 931 939 940 966 971 972 974 975 983 986 990 991 999 1000 1008 1009 1010 1022 1032 1041 1046 1051 1052 1058 1064 1071 1074 1093 1096 1100 1128 1136 1150 1151 1165 1166 1168 1172 1199 1213 1234 1241 1253 1261 1268 1286 1294 1314 1334 1339 1347 1360 1371 1379 1383 1412 1421 1442 1448 1456 }
{ 307 933 1118 }
{ 131 558 572 1054 }
{ 1177 1307 1408 }
{ 49 64 67 101 181 373 377 439 535 574 641 649 706 959 960 1035 1099 1110 1117 1162 1194 1227 1229 1251 1369 1384 1389 1457 1468 1471 1493 }
{ 845 1145 1155 }
{ 240 677 1458 }
{ 259 266 345 570 600 726 741 763 767 774 809 841 973 985 996 1015 1053 1124 1157 1170 1190 1256 1266 1275 1289 1306 1310 1320 1324 1329 1395 1404 1413 1417 1429 1441 }
{ 15 34 125 349 355 357 476 484 511 517 561 639 643 728 805 821 851 909 944 1059 1101 1186 1228 1348 }
{ 40 44 50 58 60 69 88 89 98 102 103 188 225 305 306 310 311 312 315 318 364 451 471 495 502 529 550 606 607 609 615 619 655 684 704 710 830 842 852 979 1104 1107 1113 1114 1174 1204 1236 1240 1249 1337 1375 1380 1382 1385 1386 1387 1454 }
{ 235 707 }
{ 1091 }
{ 160 175 272 278 292 294 295 342 407 461 566 592 635 660 715 757 760 762 849 856 899 910 949 978 994 995 1007 1011 1073 1126 1134 1138 1143 1146 1147 1156 1167 1257 1281 1292 1301 1309 1333 1346 1357 1394 1396 1424 1425 1426 1430 1434 1438 }
{ 9 126 133 167 216 291 404 418 555 840 1055 1486 }
{ 631 935 945 946 989 1072 1207 1352 1474 }
-------
HAC average of average cluster similarities: 0.4387219137531178
HDC average of average cluster similarities: 0.47854633655083473
Clustering positive agreement: 0.008022222222222222
Clustering negative agreement: 0.9250008888888889
Clustering agreement composite: 0.9330231111111111
Clustering disagreement: 0.06697688888888886
