-------
{ 0 1 7 12 13 17 18 22 26 27 28 29 32 34 36 47 50 51 53 71 78 79 94 106 114 115 126 130 132 133 137 139 143 144 146 149 150 152 156 157 163 164 165 174 175 176 178 182 189 191 196 198 201 207 210 212 216 230 232 243 245 247 249 250 251 261 262 268 269 280 281 282 283 284 290 298 301 303 304 316 320 323 330 337 339 340 341 342 346 355 359 367 368 370 375 380 382 384 385 386 390 393 408 410 413 414 415 418 424 425 426 428 430 432 435 437 438 441 442 444 449 450 452 455 457 459 462 463 465 467 474 484 487 488 493 494 496 501 509 510 514 515 521 523 555 556 560 561 562 563 577 578 582 584 591 593 595 598 602 605 611 638 640 645 646 651 657 659 683 684 686 695 700 701 719 720 731 742 747 748 749 752 754 755 765 766 771 773 782 789 796 800 804 807 816 850 855 857 874 879 882 888 889 890 893 894 898 927 929 939 940 946 952 966 975 984 986 990 1002 1009 1010 1016 1018 1023 1028 1034 1049 1065 1073 1093 1101 1127 1128 1135 1150 1165 1168 1171 1205 1210 1241 1253 1268 1325 1329 1334 1337 1347 1374 }
{ 2 19 37 38 59 76 124 151 177 186 187 190 199 228 238 299 365 371 401 460 470 499 500 528 530 548 549 604 607 625 628 658 725 728 729 786 809 810 823 848 862 932 1130 1183 1238 1255 1270 1351 }
{ 3 195 197 242 271 319 334 335 338 434 458 490 506 586 601 632 647 671 687 744 750 774 776 794 861 875 881 884 892 914 931 938 974 985 991 996 1029 1046 1067 1068 1069 1139 1140 1172 1202 1213 1306 1339 1372 1409 1441 1443 1480 }
{ 4 127 214 274 277 353 403 417 419 464 526 608 653 669 693 730 844 880 883 896 970 987 1003 1012 1021 1025 1137 1142 1154 1177 1252 1261 1309 1418 1433 1436 1447 1461 }
{ 5 30 105 108 154 244 293 331 431 453 891 926 1013 1051 1091 1149 1327 1470 }
{ 6 43 52 110 131 147 168 231 275 322 361 369 373 377 381 397 406 411 427 439 497 520 522 535 543 559 574 622 641 649 650 702 758 802 808 813 835 846 867 876 905 943 993 997 1031 1033 1071 1105 1108 1117 1123 1152 1164 1166 1169 1173 1214 1227 1229 1230 1231 1256 1273 1276 1287 1290 1294 1295 1303 1335 1340 1345 1368 1391 1410 1412 1414 1417 1419 1422 1457 1460 1471 1472 1493 }
{ 8 16 20 54 63 65 101 135 140 141 145 153 167 241 255 256 285 354 412 446 447 456 477 532 553 554 581 583 594 679 681 705 743 751 753 756 764 799 885 917 972 1008 1032 1052 1136 1151 1286 1367 1371 1379 1383 }
{ 9 142 257 258 259 260 263 264 266 276 291 328 348 396 400 402 409 421 423 440 508 524 533 579 588 589 660 735 840 841 847 895 971 977 1022 1027 1121 1265 1404 1406 1408 }
{ 10 31 62 119 158 267 378 678 699 817 878 981 992 1005 1064 1125 1266 1272 1332 1336 1395 1411 }
{ 11 200 235 236 237 254 273 287 332 333 362 366 399 407 436 445 466 468 473 491 629 648 689 692 717 718 727 736 737 740 763 769 814 824 854 860 873 887 897 928 937 948 955 973 976 988 1024 1075 1080 1081 1109 1129 1133 1218 1225 1233 1235 1254 1267 1271 1358 1359 1373 1402 1440 }
{ 14 278 279 286 289 398 422 454 461 492 504 507 566 575 587 590 721 724 726 741 768 837 838 839 843 853 863 870 886 982 1007 1015 1120 1143 1144 1157 1215 1269 1274 1299 1393 1401 1405 1420 1423 1430 1434 1437 1444 }
{ 15 148 160 166 294 476 489 558 569 592 596 715 757 760 762 849 856 871 899 978 983 994 1001 1004 1006 1019 1126 1134 1145 1146 1156 1212 1257 1260 1264 1281 1292 1298 1300 1304 1341 1353 1357 1396 1424 1425 1426 1428 1432 1438 }
{ 21 23 24 25 35 66 74 83 107 109 111 125 128 134 155 202 203 204 205 206 209 246 272 292 300 321 324 325 326 327 357 360 395 480 486 511 512 516 517 518 519 542 568 643 663 666 672 674 675 676 745 761 772 790 791 792 793 811 812 821 865 866 908 909 911 913 934 1000 1045 1050 1184 1186 1199 1321 1322 1323 1338 1442 1448 1478 }
{ 33 40 60 91 185 192 193 312 315 547 610 654 662 716 851 859 944 980 1111 1228 1262 1263 1403 1453 1456 }
{ 39 46 179 180 181 314 546 616 706 1246 }
{ 41 58 69 81 88 98 170 183 184 188 211 309 310 311 502 529 538 599 606 609 612 613 704 710 714 785 833 834 842 979 1037 1096 1179 1236 1240 1244 1376 1380 1384 1390 }
{ 42 44 49 92 95 96 99 102 104 221 223 224 248 313 387 388 448 478 482 539 541 551 614 618 620 626 708 709 713 798 828 836 901 922 964 965 967 969 1056 1061 1063 1106 1115 1181 1200 1237 1239 1242 1311 1370 1375 1381 }
{ 45 84 162 307 1035 1250 1251 1378 1389 }
{ 48 87 89 100 103 215 219 240 305 306 317 318 336 343 351 352 471 483 485 537 550 615 619 621 665 667 670 697 698 711 712 784 795 820 825 829 830 912 916 918 920 956 958 960 962 1036 1089 1092 1098 1100 1112 1232 1249 1328 1366 1369 1385 1387 1454 1467 }
{ 55 56 57 136 159 233 239 344 363 416 631 682 691 935 1099 1107 1174 1348 1386 }
{ 61 138 345 379 429 498 503 505 567 570 571 597 723 954 1020 1153 1170 1259 1283 1284 1289 1319 1392 1394 1397 1415 1450 1477 }
{ 64 116 117 118 213 349 356 479 481 585 664 680 797 801 815 924 925 959 1054 1058 1116 1176 1192 1194 }
{ 67 72 73 75 77 80 112 172 227 297 391 513 525 656 661 778 783 900 902 1038 1040 1041 1043 1180 1201 1245 1382 1399 1452 1455 1476 }
{ 68 70 169 171 173 226 296 302 358 374 389 392 652 655 777 780 781 787 904 906 947 1039 1312 1313 1315 1317 1318 1451 }
{ 82 707 831 }
{ 85 552 696 818 953 1087 1226 1364 1499 }
{ 86 253 1090 }
{ 90 308 545 827 852 961 968 1104 1113 1114 1247 }
{ 93 97 433 580 858 1158 }
{ 113 540 544 623 673 690 703 788 930 1042 1044 1314 1464 }
{ 120 218 220 347 372 383 668 921 1191 1197 1465 }
{ 121 222 295 350 617 639 642 644 919 1055 1057 1059 1062 1189 1195 1248 1301 1326 1330 1343 1421 1468 1469 1473 1486 }
{ 122 217 }
{ 123 265 565 573 600 688 746 819 998 1030 1048 1060 1066 1070 1147 1148 1155 1162 1190 1206 1275 1277 1279 1280 1282 1285 1288 1291 1293 1302 1305 1307 1331 1398 1413 1431 1435 1445 1446 1462 1475 1479 1481 1485 }
{ 129 252 329 }
{ 161 469 472 627 630 633 634 635 636 732 733 734 738 739 936 942 949 950 951 1076 1077 1078 1079 1082 1083 1084 1085 1086 1209 1217 1219 1221 1222 1223 1224 1278 1349 1350 1354 1355 1356 1360 1361 1362 1363 1487 1488 1490 1492 1494 1496 1497 1498 }
{ 194 404 443 557 564 576 603 637 770 775 803 805 806 869 915 1047 1161 1175 1188 1196 1333 }
{ 208 229 234 270 364 475 941 945 1072 1193 1207 1220 1344 1352 1474 1483 1491 1495 }
{ 225 1365 }
{ 288 845 868 995 1167 1211 1484 }
{ 376 495 685 933 1118 1203 1204 1243 1258 1388 1439 1463 }
{ 394 624 677 694 903 907 957 1316 1458 }
{ 405 451 722 872 963 1132 1324 1416 1449 }
{ 420 767 910 923 989 999 1011 1017 1026 1053 1074 1124 1131 1159 1160 1185 1296 1310 1320 1346 1407 1427 1429 1459 1466 1482 }
{ 527 779 1208 1342 }
{ 531 572 822 864 877 1014 1122 1141 1163 1297 1308 1400 1489 }
{ 534 536 1094 1095 1097 1102 }
{ 759 1088 1103 1119 1138 1178 1182 1187 1198 1216 1234 }
{ 826 832 }
{ 1110 1377 }
-------
{ 116 124 151 161 220 234 235 236 237 270 277 362 363 365 366 399 407 417 466 469 470 472 473 608 623 627 629 633 634 635 636 678 688 689 696 699 707 728 732 733 734 735 736 737 738 739 760 762 763 817 844 849 871 893 895 899 924 928 936 941 942 945 948 950 951 954 978 1024 1075 1076 1077 1078 1079 1080 1081 1082 1083 1109 1125 1138 1146 1147 1208 1209 1218 1220 1221 1222 1223 1224 1225 1231 1235 1278 1342 1344 1350 1354 1355 1356 1357 1358 1359 1360 1361 1362 1363 1396 1426 1461 1465 1475 1488 1490 1494 1495 1496 1497 1498 }
{ 1088 1103 1119 1216 }
{ 5 61 105 108 154 155 272 278 288 293 326 368 374 381 428 429 443 453 454 559 566 573 576 591 674 759 793 812 845 884 891 898 934 995 1003 1013 1016 1020 1066 1157 1164 1167 1171 1198 1299 1300 1319 1327 1338 1353 1369 1423 }
{ 80 193 227 778 904 1110 1180 }
{ 119 461 795 806 808 868 953 1047 1143 1196 1219 1333 1343 1424 }
{ 86 1089 1316 }
{ 85 }
{ 77 291 297 409 493 575 747 847 984 1121 1464 }
{ 67 168 180 240 305 350 513 546 670 702 829 835 921 959 960 962 1105 1108 1193 1214 1227 1248 1368 }
{ 45 221 885 957 1136 1232 1384 1397 }
{ 552 1087 1499 }
{ 41 42 44 49 73 84 99 100 102 218 223 224 225 306 311 313 314 387 388 482 525 538 539 613 618 620 709 713 783 836 901 964 967 968 1041 1043 1063 1115 1116 1200 1237 1239 1245 1311 1381 1455 }
{ 64 129 252 353 479 534 657 665 677 687 1471 }
{ 498 827 1250 }
{ 56 507 680 822 918 1092 }
{ 788 1042 1044 1074 1439 1463 }
{ 6 131 197 275 322 356 361 373 377 406 411 427 439 505 511 520 522 564 567 571 572 574 585 637 641 649 650 664 685 706 746 757 758 775 791 794 797 815 819 846 861 864 865 867 869 873 876 905 911 915 920 938 943 987 993 997 998 1014 1026 1030 1031 1033 1048 1058 1060 1070 1117 1118 1141 1148 1152 1158 1162 1163 1169 1173 1175 1177 1183 1188 1190 1194 1197 1206 1217 1230 1251 1273 1276 1277 1281 1285 1287 1288 1289 1290 1291 1292 1293 1294 1295 1297 1302 1303 1304 1305 1308 1310 1320 1322 1323 1328 1329 1335 1336 1340 1345 1391 1398 1410 1414 1419 1429 1431 1435 1443 1457 1459 1460 1462 1466 1468 1472 1477 1481 1485 1487 1489 1491 1493 }
{ 208 1182 }
{ 1057 }
{ 433 1296 }
{ 307 858 1473 }
{ 104 617 622 852 961 1104 1114 1185 1247 1249 }
{ 14 75 391 526 569 621 780 784 833 944 1037 1038 1039 1212 1314 1315 1317 1483 }
{ 37 122 325 372 544 675 809 }
{ 1203 1450 1482 }
{ 0 1 2 3 4 7 8 9 11 12 13 16 17 19 20 22 23 24 26 27 29 30 32 34 35 36 38 48 51 54 57 63 65 70 76 79 83 106 107 109 110 111 113 114 115 117 120 123 126 128 130 132 133 134 136 137 138 139 141 143 144 145 146 148 149 150 152 153 156 157 169 174 175 178 182 189 191 195 196 198 199 201 202 203 204 205 206 209 210 212 213 216 217 226 228 230 232 233 238 239 242 243 244 245 246 247 248 250 251 254 256 257 258 261 262 263 264 265 267 268 269 271 273 274 276 279 280 281 282 283 284 285 286 287 294 295 296 298 299 300 301 302 303 304 319 320 321 324 327 328 329 330 331 332 333 334 335 337 338 339 340 346 347 351 352 354 357 358 359 360 367 370 375 376 378 379 380 382 383 385 386 389 390 392 393 396 397 398 400 401 402 403 404 408 410 412 413 414 415 416 418 420 422 423 424 425 426 430 432 436 437 438 441 442 444 445 446 447 448 449 450 452 455 456 457 458 459 462 463 464 467 468 474 475 476 477 480 481 486 488 489 490 491 492 496 503 504 506 509 512 514 515 516 517 518 519 521 523 527 532 533 535 536 541 555 556 560 562 563 568 570 577 578 579 581 582 583 584 586 587 590 593 594 595 596 597 598 601 602 611 624 625 628 631 638 639 640 643 645 646 647 648 651 652 653 656 658 660 663 666 672 673 676 679 681 682 683 686 691 692 693 695 698 700 717 718 719 720 721 722 723 724 727 730 731 740 741 742 743 744 745 748 749 750 751 752 754 755 756 764 765 767 768 769 770 771 772 773 774 776 777 782 787 789 790 792 796 799 800 801 802 804 805 810 811 813 814 821 823 824 831 837 838 839 840 843 853 854 855 857 860 862 866 870 874 875 879 880 881 882 883 886 887 888 889 890 892 894 897 909 913 914 917 919 925 926 927 929 930 931 932 933 935 937 939 940 946 947 952 955 970 971 972 973 974 975 976 977 980 981 982 983 986 988 990 992 996 999 1000 1002 1008 1009 1010 1012 1015 1018 1021 1022 1023 1028 1029 1032 1034 1045 1049 1050 1051 1052 1059 1065 1068 1069 1071 1072 1073 1084 1090 1091 1093 1095 1097 1098 1101 1102 1123 1127 1128 1129 1133 1135 1139 1140 1142 1144 1149 1150 1154 1165 1166 1168 1172 1184 1192 1199 1202 1205 1207 1210 1213 1215 1226 1228 1229 1233 1234 1253 1254 1259 1261 1263 1267 1268 1271 1286 1306 1312 1313 1318 1321 1325 1326 1334 1339 1347 1352 1367 1371 1372 1383 1399 1400 1402 1406 1411 1412 1418 1421 1427 1428 1441 1447 1470 1474 1478 1484 }
{ 1178 1187 }
{ 158 348 421 478 483 485 589 667 711 832 989 1106 1124 1265 1366 1378 }
{ 185 619 642 907 922 1191 1365 1451 1467 }
{ 43 323 1046 1266 1280 1442 1446 }
{ 963 1035 1132 1195 1211 1258 1324 1332 1364 1379 1422 1469 }
{ 200 266 289 292 345 405 431 434 565 600 726 863 877 1007 1067 1120 1122 1145 1153 1155 1161 1260 1264 1269 1274 1275 1283 1341 1373 1393 1394 1401 1405 1415 1420 1425 1430 1432 1438 1440 1479 1480 }
{ 21 39 52 103 184 318 395 537 542 614 671 690 694 714 825 826 828 830 902 903 912 916 956 1056 1099 1100 1137 1246 1262 1387 }
{ 166 497 669 1006 1054 }
{ 371 818 1062 1094 1243 }
{ 89 125 310 524 661 708 850 1040 1181 1236 1242 1376 1385 1452 }
{ 33 74 92 93 179 616 654 761 908 1370 }
{ 440 1176 1238 1389 1403 1456 }
{ 18 25 31 55 66 71 94 101 118 142 159 215 219 255 309 317 336 341 344 349 355 465 484 531 540 551 703 704 705 710 712 716 753 816 820 834 966 1107 1111 1174 1204 1374 1448 }
{ 603 872 923 1004 1017 1053 1346 1433 1436 1492 }
{ 231 369 1351 }
{ 62 121 222 558 644 668 803 906 1055 1186 1189 1301 1330 1331 1486 }
{ 15 147 160 259 260 419 435 508 553 557 580 592 630 715 729 766 841 851 856 878 910 949 985 991 994 1001 1011 1019 1027 1064 1085 1086 1126 1131 1134 1151 1156 1159 1160 1170 1252 1256 1257 1279 1282 1284 1298 1307 1392 1395 1404 1407 1408 1409 1413 1416 1417 1434 1437 1444 1445 1449 }
{ 10 1005 1309 1349 1476 }
{ 28 40 46 47 50 53 58 59 60 68 69 72 78 81 82 87 88 90 91 97 98 127 162 163 165 170 171 172 173 176 177 181 183 186 187 188 190 192 194 207 211 214 229 241 249 290 308 312 315 343 364 384 451 460 471 495 499 500 501 502 510 528 529 545 547 548 549 550 599 604 605 606 607 609 610 612 626 655 659 662 684 697 701 725 779 785 798 807 842 848 859 896 958 979 1096 1113 1130 1179 1240 1241 1255 1270 1272 1337 1348 1377 1380 1382 1386 1453 1454 }
{ 781 }
{ 253 }
{ 1458 }
{ 112 135 140 164 167 316 342 487 494 530 543 554 561 588 632 786 1025 1244 1390 }
{ 95 96 394 615 900 965 969 1036 1061 1112 1201 1375 1388 }
-------
HAC average of average cluster similarities: 0.37996927392857477
HDC average of average cluster similarities: 0.419538245466237
Clustering positive agreement: 0.025659555555555557
Clustering negative agreement: 0.8090186666666667
Clustering agreement composite: 0.8346782222222222
Clustering disagreement: 0.1653217777777778
