-------
{ 0 1 12 13 18 26 32 34 36 47 53 71 78 79 94 114 115 130 132 137 146 157 163 174 182 189 196 198 201 210 212 230 232 243 245 247 249 250 251 290 301 303 323 330 337 339 340 341 359 367 370 380 382 384 385 386 393 408 413 425 430 441 444 449 450 457 459 463 467 501 509 510 514 515 523 555 560 561 563 577 584 593 595 602 605 611 638 646 695 700 701 742 752 765 773 782 796 800 804 807 816 850 879 889 929 939 940 946 966 1002 1010 1049 1093 1101 1150 1168 1205 1241 1253 1268 1334 1347 }
{ 2 37 38 371 549 625 809 932 1238 }
{ 3 195 197 242 319 338 458 490 506 586 601 632 647 671 744 750 774 776 794 861 875 881 884 892 914 931 938 974 985 991 996 1029 1046 1068 1139 1140 1172 1213 1306 1339 1372 1409 1441 1443 }
{ 4 277 403 417 464 526 608 653 844 970 1025 1137 1177 1461 }
{ 5 30 105 108 154 244 293 331 453 891 1013 1327 }
{ 6 52 110 131 147 275 322 361 377 381 397 406 411 427 439 497 520 522 535 559 574 622 641 649 650 758 802 808 813 846 867 876 905 943 993 997 1031 1033 1071 1105 1117 1123 1152 1164 1166 1169 1173 1214 1229 1230 1256 1273 1276 1287 1290 1294 1295 1303 1335 1340 1345 1368 1391 1410 1412 1414 1417 1419 1422 1457 1460 1471 1472 1493 }
{ 7 17 27 126 143 144 164 178 191 280 284 304 316 342 346 355 410 418 428 437 474 484 487 488 493 494 496 562 598 686 719 731 747 748 749 855 857 874 984 986 990 1127 1165 1329 }
{ 8 16 20 54 63 65 101 135 140 141 145 153 167 241 255 256 285 354 412 446 447 456 477 532 553 554 581 583 594 679 681 705 743 751 753 756 764 799 885 917 972 1008 1032 1052 1136 1151 1286 1367 1371 1379 1383 }
{ 9 142 257 258 259 260 263 264 266 276 291 348 396 400 402 409 421 423 440 508 524 533 579 588 589 660 735 840 841 847 971 977 1022 1121 1265 1404 1406 1408 }
{ 10 62 158 267 378 678 699 817 878 981 992 1005 1125 1266 1272 1336 1395 1411 }
{ 11 235 236 237 254 273 287 332 333 362 366 436 445 466 468 473 629 648 689 692 717 727 736 737 740 769 814 824 873 887 897 928 937 948 955 973 988 1024 1075 1080 1081 1109 1129 1133 1218 1225 1233 1254 1267 1271 1358 1359 1402 }
{ 14 289 492 504 507 575 590 768 853 886 982 1215 }
{ 15 148 160 294 558 569 592 596 715 757 760 762 849 856 871 899 978 994 1001 1004 1126 1134 1145 1146 1156 1257 1260 1264 1281 1292 1300 1304 1357 1396 1424 1425 1426 1428 1432 1438 }
{ 19 76 124 228 238 299 365 401 460 470 530 628 658 786 810 1351 }
{ 21 25 66 74 125 155 272 292 300 357 395 480 542 568 666 745 761 772 812 866 908 1000 1199 1442 1448 1478 }
{ 22 51 106 133 139 149 150 152 156 165 207 261 262 268 269 281 283 298 320 375 414 415 424 426 432 435 438 442 452 455 462 521 556 578 582 591 640 645 720 754 755 766 771 789 882 890 893 898 927 952 975 1009 1016 1018 1023 1028 1034 1073 1135 1171 }
{ 23 24 83 107 109 111 202 204 205 206 209 321 325 326 511 512 517 643 674 675 676 790 791 792 865 909 911 1184 1186 1321 1322 1323 }
{ 28 216 282 368 465 683 888 1128 1325 1374 }
{ 29 50 175 176 390 651 657 659 684 894 1065 1210 1337 }
{ 31 119 1064 1332 }
{ 33 40 185 193 312 547 610 662 851 859 944 980 1111 1262 1263 1403 1453 }
{ 35 134 246 360 486 519 663 811 821 913 934 1045 1050 }
{ 39 46 179 180 181 314 546 616 706 1246 }
{ 41 58 69 81 88 98 170 183 184 188 211 309 310 311 502 529 538 599 606 609 612 613 704 710 714 785 833 834 842 979 1037 1096 1179 1236 1240 1244 1376 1380 1384 1390 }
{ 42 44 95 96 99 224 248 448 478 482 539 541 551 614 620 626 709 713 836 964 1115 1239 1242 }
{ 43 168 231 369 373 543 702 835 1108 1227 1231 }
{ 45 84 162 307 }
{ 48 215 219 343 351 471 483 485 621 667 711 712 784 795 820 829 918 920 958 1036 1092 1467 }
{ 49 92 102 104 313 708 798 828 965 967 969 1061 1063 1106 1237 1375 }
{ 55 56 57 136 233 239 363 631 682 691 935 1348 }
{ 59 151 177 186 187 190 199 499 500 528 548 604 607 725 728 729 823 848 862 1130 1183 1255 1270 }
{ 60 91 }
{ 61 138 345 429 503 567 570 571 1020 1153 1170 1283 1319 }
{ 64 349 481 585 815 1054 1176 }
{ 67 80 513 900 902 1043 1245 1382 1455 }
{ 68 70 169 171 173 226 296 302 358 374 389 392 652 655 777 780 781 787 947 1312 1313 }
{ 72 75 77 112 297 661 783 1040 1041 1399 1452 }
{ 73 172 227 391 525 656 778 1038 1180 1201 1476 }
{ 82 707 831 }
{ 85 552 696 818 953 1087 1226 1364 1499 }
{ 86 253 1090 }
{ 87 89 100 103 240 305 306 317 318 336 550 615 619 697 830 960 962 1112 1249 1385 1387 1454 }
{ 90 308 545 827 852 961 968 1104 1113 1114 1247 }
{ 93 97 433 580 858 1158 }
{ 113 673 788 930 1042 1044 1314 1464 }
{ 116 117 118 213 356 664 797 801 924 925 959 1116 1194 }
{ 120 218 220 347 372 383 668 921 1191 1197 1465 }
{ 121 222 295 350 639 642 644 919 1055 1059 1062 1189 1301 1326 1330 1343 1421 1468 1473 1486 }
{ 122 217 }
{ 123 573 600 688 1030 1060 1190 1275 1288 1302 1331 1462 1481 }
{ 127 214 274 353 419 669 693 730 880 883 896 987 1003 1012 1021 1142 1154 1252 1261 1309 1418 1433 1436 1447 }
{ 128 203 324 327 516 518 672 793 1338 }
{ 129 252 329 }
{ 159 344 416 1099 1107 1174 1386 }
{ 161 469 472 630 634 635 733 734 738 739 936 949 950 951 1076 1079 1082 1083 1085 1086 1209 1221 1222 1224 1278 1350 1354 1360 1490 1496 1497 }
{ 166 983 1006 1019 1298 1341 }
{ 192 315 654 716 1228 1456 }
{ 194 564 603 637 775 869 915 1188 1333 }
{ 200 399 407 491 718 763 854 860 976 1235 1373 1440 }
{ 208 270 945 1220 1344 1483 }
{ 221 223 387 388 618 901 1056 1181 1200 1311 }
{ 225 1365 }
{ 229 234 364 475 941 1193 1491 1495 }
{ 265 1206 1307 }
{ 271 334 335 687 1202 }
{ 278 279 286 398 422 454 461 566 587 721 724 726 741 837 838 839 843 863 870 1007 1015 1120 1143 1144 1157 1269 1274 1299 1393 1401 1405 1420 1423 1430 1434 1437 1444 }
{ 288 845 868 995 1167 1211 1484 }
{ 328 895 1027 }
{ 352 537 698 912 916 956 1098 1100 1328 1366 1369 }
{ 376 685 933 1118 1203 1204 1243 1388 }
{ 379 498 505 597 723 1284 1415 }
{ 394 624 677 694 903 907 957 1316 1458 }
{ 404 443 557 576 770 803 805 806 1047 1161 1175 1196 }
{ 405 451 722 872 963 1132 1324 1416 1449 }
{ 420 767 923 989 999 1053 1124 1131 1159 1296 1320 1427 1429 1466 }
{ 431 926 1051 1091 1149 1470 }
{ 434 1067 1069 1480 }
{ 476 489 1212 1353 }
{ 479 1058 1192 }
{ 495 1258 1439 1463 }
{ 527 779 1208 1342 }
{ 531 572 822 864 877 1014 1122 1141 1163 1297 1308 1400 1489 }
{ 534 536 1094 1095 1097 1102 }
{ 540 544 623 690 703 }
{ 565 746 819 998 1048 1066 1070 1147 1148 1155 1162 1277 1279 1280 1282 1285 1291 1293 1305 1398 1413 1431 1435 1445 1446 1475 1479 1485 }
{ 617 1057 1195 1248 1469 }
{ 627 732 1077 1078 1217 1223 1355 1356 1361 1362 1363 1487 1488 1492 1494 1498 }
{ 633 636 942 1084 1219 1349 }
{ 665 670 825 1089 1232 }
{ 680 }
{ 759 1088 1103 1119 1138 1178 1182 1187 1198 1216 1234 }
{ 826 832 }
{ 904 906 1039 1315 1317 1318 1451 }
{ 910 1011 1017 1026 1074 1160 1185 1310 1346 1407 1459 1482 }
{ 922 1370 1381 }
{ 954 1289 1450 1477 }
{ 1035 1250 1251 1378 1389 }
{ 1072 1207 1352 1474 }
{ 1110 1377 }
{ 1259 1392 1394 1397 }
-------
{ 0 1 2 5 8 11 12 13 16 18 20 22 26 32 54 56 63 70 71 78 79 106 109 114 115 117 118 128 132 136 139 141 144 145 146 157 169 174 182 189 196 198 201 203 210 213 226 230 241 243 247 250 251 257 263 267 268 269 271 276 281 282 285 298 300 301 303 323 327 328 330 333 335 337 339 341 349 354 359 367 368 370 374 376 380 382 386 390 402 408 410 412 413 414 416 422 424 426 428 429 430 441 446 447 449 450 452 456 459 463 467 477 480 496 503 504 523 532 533 542 553 554 556 560 562 568 569 577 581 583 584 591 593 594 595 598 618 638 645 647 648 666 673 679 681 682 691 700 741 745 747 749 750 751 752 753 755 756 764 765 771 773 782 796 799 804 812 823 850 853 854 855 866 882 883 885 886 892 912 919 927 941 966 972 974 975 990 1002 1008 1010 1017 1023 1032 1040 1049 1101 1136 1142 1168 1172 1181 1192 1199 1213 1234 1241 1253 1268 1286 1334 1347 1367 1371 1399 1421 1448 }
{ 236 558 627 629 732 736 924 928 1075 1078 1342 1349 1353 1354 1355 1359 1483 1488 }
{ 168 369 621 644 694 826 835 1038 1039 1316 1464 }
{ 62 715 766 981 1005 1124 1125 1266 1302 1395 1436 1437 }
{ 134 178 222 244 326 375 425 470 517 519 649 655 663 676 791 816 911 913 934 944 1059 1091 1183 1321 1345 1352 1403 }
{ 44 49 90 99 219 223 224 308 313 387 388 478 485 539 551 613 958 961 968 969 1061 1104 1106 1115 1116 1201 1237 1247 1248 1250 1388 }
{ 42 77 364 538 783 1351 }
{ 45 121 291 297 348 350 1053 1189 1301 }
{ 9 27 151 433 535 841 898 }
{ 100 654 1180 1366 1381 1467 }
{ 703 864 914 1246 1361 }
{ 227 667 668 904 1036 1197 1377 }
{ 93 616 }
{ 550 588 590 714 828 979 1255 1263 }
{ 41 73 122 778 964 1200 }
{ 10 493 890 1141 1332 }
{ 630 757 856 871 949 953 1004 1077 1086 1126 1132 1209 1222 1223 1292 1356 1363 1434 1439 1490 1497 1498 }
{ 34 66 74 204 217 358 395 639 925 926 1062 1090 }
{ 68 113 140 167 175 296 316 352 437 483 834 908 1051 1166 1182 1376 }
{ 19 58 69 72 76 87 88 91 98 165 170 171 187 188 211 235 287 306 311 344 372 444 451 471 495 500 502 528 529 545 548 599 604 606 609 612 619 658 659 661 662 697 725 785 830 831 852 918 963 1011 1041 1107 1179 1204 1249 1320 1328 1379 1380 1382 1385 1386 1452 1454 }
{ 40 124 305 315 318 677 705 707 836 960 1035 1058 1117 1206 1251 }
{ 1088 1103 1119 1187 }
{ 259 266 435 735 876 936 977 989 1131 1175 1288 1378 1494 }
{ 570 685 808 832 987 1118 1152 1173 1188 1190 1243 1294 1295 1303 1304 1322 1331 1365 1414 1435 1463 1466 1472 1481 1482 }
{ 21 97 180 314 820 825 962 1044 1108 1478 }
{ 14 80 103 183 312 394 513 788 842 900 1043 1114 1387 1455 }
{ 827 1458 }
{ 255 371 540 625 687 1099 1217 }
{ 1315 1317 1346 1459 }
{ 89 101 317 614 615 623 704 708 798 1236 1270 1375 }
{ 277 294 295 419 436 557 657 811 891 984 1003 1357 1449 }
{ 641 650 1174 1389 1397 }
{ 39 1110 }
{ 567 1060 1272 1279 1282 1310 1324 1433 1445 1475 1492 }
{ 46 329 401 492 717 817 843 860 976 982 988 1122 1254 1440 }
{ 133 159 284 309 355 434 720 769 840 1000 1121 }
{ 86 161 508 1219 }
{ 572 608 862 998 1278 1309 }
{ 31 158 216 353 479 1228 1337 1370 }
{ 61 85 427 521 559 774 775 863 868 905 973 1015 1034 1135 1164 1269 1274 1283 1296 1297 1299 1393 1405 1415 1420 1429 1444 }
{ 345 573 803 815 845 997 1007 1143 1153 1155 1169 1289 1479 }
{ 292 484 674 1314 1341 1343 1369 1430 }
{ 84 92 120 218 347 351 482 901 916 965 1063 1092 1112 1191 1239 }
{ 43 185 193 547 957 }
{ 254 273 299 304 418 468 473 494 530 543 544 689 692 699 733 739 748 759 786 819 833 887 948 950 1037 1080 1105 1109 1211 1224 1244 1312 1358 1390 }
{ 52 131 361 377 439 520 564 637 706 802 806 867 1026 1031 1033 1047 1055 1162 1184 1218 1230 1276 1287 1290 1293 1323 1336 1368 1384 1391 1419 1431 1443 1457 1468 1471 }
{ 923 1074 1160 1392 1398 1422 }
{ 381 505 571 574 600 622 688 746 995 1157 1275 }
{ 95 96 102 192 194 225 310 620 626 1056 1185 1242 }
{ 405 488 592 758 760 762 910 1030 1073 1148 1221 1281 1461 1474 }
{ 552 696 818 }
{ 7 127 148 172 173 176 177 186 214 249 262 264 265 290 356 384 392 423 438 440 455 501 510 514 526 563 579 589 605 656 693 695 754 800 822 859 889 896 939 983 993 1001 1012 1048 1064 1165 1265 1291 1307 1428 1447 }
{ 17 47 53 59 137 149 191 199 229 332 363 365 378 474 610 611 628 631 646 686 814 874 935 946 1021 1207 1348 }
{ 731 1258 1416 1450 }
{ 60 190 710 907 1240 1453 }
{ 1216 }
{ 37 256 537 716 761 858 1089 1098 1100 1232 }
{ 307 398 498 723 838 1123 1256 }
{ 272 331 432 443 486 536 805 821 1120 1196 }
{ 1087 1226 1364 1499 }
{ 105 107 108 154 289 293 357 404 793 1016 1020 1029 1050 1097 1319 1335 1465 1473 }
{ 75 162 184 258 400 409 487 524 719 787 847 1085 1156 1261 1417 1476 }
{ 23 24 83 111 208 320 324 334 512 516 518 790 894 930 945 1111 }
{ 38 65 142 283 415 506 743 872 955 986 1068 1158 1245 1360 1383 1411 1496 }
{ 1178 1198 }
{ 453 511 730 861 865 881 884 906 1159 1170 1203 1267 1284 1413 1441 }
{ 279 288 431 454 491 587 678 721 724 740 837 839 877 937 1057 1094 1095 1129 1144 1233 1260 1264 1300 1401 1402 1432 1438 }
{ 6 55 147 152 202 205 206 209 242 319 338 379 420 421 458 499 651 671 680 701 744 767 776 779 789 792 807 875 880 931 971 991 999 1022 1128 1139 1154 1372 1480 }
{ 497 1194 1326 1329 1330 }
{ 4 112 160 200 270 399 407 445 461 566 635 727 734 763 809 844 849 870 954 978 1024 1025 1082 1134 1137 1145 1146 1161 1167 1177 1212 1257 1333 1350 1396 1400 1424 1425 1426 }
{ 119 125 221 709 711 713 967 }
{ 260 261 465 575 772 893 985 1140 1442 }
{ 824 897 899 1067 1235 1327 1373 1470 }
{ 104 138 143 346 360 722 992 1127 }
{ 28 286 340 396 475 476 596 660 683 718 770 888 1171 1338 1404 }
{ 153 342 403 464 561 578 582 601 653 857 933 952 970 1009 1028 1084 1138 1208 1418 1484 }
{ 164 232 233 448 737 1150 }
{ 391 1305 1410 1446 }
{ 15 35 36 51 126 245 246 280 321 442 460 490 597 640 672 781 1133 1149 1259 1325 }
{ 25 48 135 215 383 525 549 712 917 921 1318 }
{ 472 633 634 942 1079 1407 1462 }
{ 155 156 207 274 462 565 576 869 915 1065 1066 1195 }
{ 64 179 181 546 670 956 1238 1493 }
{ 67 534 664 665 702 829 920 1193 }
{ 643 1045 1102 }
{ 30 50 57 110 150 197 228 238 239 252 325 336 343 481 531 541 555 624 675 698 728 742 768 794 810 813 846 879 909 959 980 1018 1046 1070 1071 1202 1210 1214 1215 1262 1280 1285 1311 1339 1412 }
{ 684 780 940 1054 }
{ 82 237 362 466 469 636 951 1072 1076 1220 1225 1344 1451 1486 }
{ 29 33 929 932 1186 }
{ 231 373 669 738 795 873 1227 1231 1487 }
{ 3 123 129 195 234 253 275 322 397 406 411 580 585 586 797 801 848 878 938 1014 1069 1151 1163 1176 1252 1273 1308 1374 1409 }
{ 240 642 690 851 922 }
{ 417 507 603 895 994 1019 1298 }
{ 116 130 163 212 248 302 385 389 393 457 509 515 527 602 652 777 784 903 947 1052 1093 1205 1456 }
{ 522 617 943 1277 1340 1460 1491 1495 }
{ 166 366 1081 1083 1271 1362 1406 1408 1477 1485 1489 }
{ 632 902 996 1027 1042 1147 1469 }
{ 81 94 220 607 729 1096 1113 1130 }
{ 278 489 1013 1423 1427 }
{ 726 1006 1229 1306 1313 1394 }
-------
HAC average of average cluster similarities: 0.4387219137531178
HDC average of average cluster similarities: 0.36541690605848215
Clustering positive agreement: 0.005323555555555555
Clustering negative agreement: 0.9484053333333333
Clustering agreement composite: 0.9537288888888888
Clustering disagreement: 0.04627111111111115
