-------
{ 0 1 12 13 18 26 32 34 36 47 53 71 78 79 94 114 115 130 132 137 146 157 163 174 182 189 196 198 201 210 212 230 232 243 245 247 249 250 251 290 301 303 323 330 337 339 340 341 359 367 370 380 382 384 385 386 393 408 413 425 430 441 444 449 450 457 459 463 467 501 509 510 514 515 523 555 560 561 563 577 584 593 595 602 605 611 638 646 695 700 701 742 752 765 773 782 796 800 804 807 816 850 879 889 929 939 940 946 966 1002 1010 1049 1093 1101 1150 1168 1205 1241 1253 1268 1334 1347 }
{ 2 37 38 371 549 625 809 932 1238 }
{ 3 195 197 242 319 338 458 490 506 586 601 632 647 671 744 750 774 776 794 861 875 881 884 892 914 931 938 974 985 991 996 1029 1046 1068 1139 1140 1172 1213 1306 1339 1372 1409 1441 1443 }
{ 4 277 403 417 464 526 608 653 844 970 1025 1137 1177 1461 }
{ 5 30 105 108 154 244 293 331 453 891 1013 1327 }
{ 6 52 110 131 147 275 322 361 377 381 397 406 411 427 439 497 520 522 535 559 574 622 641 649 650 758 802 808 813 846 867 876 905 943 993 997 1031 1033 1071 1105 1117 1123 1152 1164 1166 1169 1173 1214 1229 1230 1256 1273 1276 1287 1290 1294 1295 1303 1335 1340 1345 1368 1391 1410 1412 1414 1417 1419 1422 1457 1460 1471 1472 1493 }
{ 7 17 27 126 143 144 164 178 191 280 284 304 316 342 346 355 410 418 428 437 474 484 487 488 493 494 496 562 598 686 719 731 747 748 749 855 857 874 984 986 990 1127 1165 1329 }
{ 8 16 20 54 63 65 101 135 140 141 145 153 167 241 255 256 285 354 412 446 447 456 477 532 553 554 581 583 594 679 681 705 743 751 753 756 764 799 885 917 972 1008 1032 1052 1136 1151 1286 1367 1371 1379 1383 }
{ 9 142 257 258 259 260 263 264 266 276 291 348 396 400 402 409 421 423 440 508 524 533 579 588 589 660 735 840 841 847 971 977 1022 1121 1265 1404 1406 1408 }
{ 10 62 158 267 378 678 699 817 878 981 992 1005 1125 1266 1272 1336 1395 1411 }
{ 11 235 236 237 254 273 287 332 333 362 366 436 445 466 468 473 629 648 689 692 717 727 736 737 740 769 814 824 873 887 897 928 937 948 955 973 988 1024 1075 1080 1081 1109 1129 1133 1218 1225 1233 1254 1267 1271 1358 1359 1402 }
{ 14 289 492 504 507 575 590 768 853 886 982 1215 }
{ 15 148 160 294 558 569 592 596 715 757 760 762 849 856 871 899 978 994 1001 1004 1126 1134 1145 1146 1156 1257 1260 1264 1281 1292 1300 1304 1357 1396 1424 1425 1426 1428 1432 1438 }
{ 19 76 124 228 238 299 365 401 460 470 530 628 658 786 810 1351 }
{ 21 25 66 74 125 155 272 292 300 357 395 480 542 568 666 745 761 772 812 866 908 1000 1199 1442 1448 1478 }
{ 22 51 106 133 139 149 150 152 156 165 207 261 262 268 269 281 283 298 320 375 414 415 424 426 432 435 438 442 452 455 462 521 556 578 582 591 640 645 720 754 755 766 771 789 882 890 893 898 927 952 975 1009 1016 1018 1023 1028 1034 1073 1135 1171 }
{ 23 24 83 107 109 111 202 204 205 206 209 321 325 326 511 512 517 643 674 675 676 790 791 792 865 909 911 1184 1186 1321 1322 1323 }
{ 28 216 282 368 465 683 888 1128 1325 1374 }
{ 29 50 175 176 390 651 657 659 684 894 1065 1210 1337 }
{ 31 119 1064 1332 }
{ 33 40 185 193 312 547 610 662 851 859 944 980 1111 1262 1263 1403 1453 }
{ 35 134 246 360 486 519 663 811 821 913 934 1045 1050 }
{ 39 46 179 180 181 314 546 616 706 1246 }
{ 41 58 69 81 88 98 170 183 184 188 211 309 310 311 502 529 538 599 606 609 612 613 704 710 714 785 833 834 842 979 1037 1096 1179 1236 1240 1244 1376 1380 1384 1390 }
{ 42 44 95 96 99 224 248 448 478 482 539 541 551 614 620 626 709 713 836 964 1115 1239 1242 }
{ 43 168 231 369 373 543 702 835 1108 1227 1231 }
{ 45 84 162 307 }
{ 48 215 219 343 351 471 483 485 621 667 711 712 784 795 820 829 918 920 958 1036 1092 1467 }
{ 49 92 102 104 313 708 798 828 965 967 969 1061 1063 1106 1237 1375 }
{ 55 56 57 136 233 239 363 631 682 691 935 1348 }
{ 59 151 177 186 187 190 199 499 500 528 548 604 607 725 728 729 823 848 862 1130 1183 1255 1270 }
{ 60 91 }
{ 61 138 345 429 503 567 570 571 1020 1153 1170 1283 1319 }
{ 64 349 481 585 815 1054 1176 }
{ 67 80 513 900 902 1043 1245 1382 1455 }
{ 68 70 169 171 173 226 296 302 358 374 389 392 652 655 777 780 781 787 947 1312 1313 }
{ 72 75 77 112 297 661 783 1040 1041 1399 1452 }
{ 73 172 227 391 525 656 778 1038 1180 1201 1476 }
{ 82 707 831 }
{ 85 552 696 818 953 1087 1226 1364 1499 }
{ 86 253 1090 }
{ 87 89 100 103 240 305 306 317 318 336 550 615 619 697 830 960 962 1112 1249 1385 1387 1454 }
{ 90 308 545 827 852 961 968 1104 1113 1114 1247 }
{ 93 97 433 580 858 1158 }
{ 113 673 788 930 1042 1044 1314 1464 }
{ 116 117 118 213 356 664 797 801 924 925 959 1116 1194 }
{ 120 218 220 347 372 383 668 921 1191 1197 1465 }
{ 121 222 295 350 639 642 644 919 1055 1059 1062 1189 1301 1326 1330 1343 1421 1468 1473 1486 }
{ 122 217 }
{ 123 573 600 688 1030 1060 1190 1275 1288 1302 1331 1462 1481 }
{ 127 214 274 353 419 669 693 730 880 883 896 987 1003 1012 1021 1142 1154 1252 1261 1309 1418 1433 1436 1447 }
{ 128 203 324 327 516 518 672 793 1338 }
{ 129 252 329 }
{ 159 344 416 1099 1107 1174 1386 }
{ 161 469 472 630 634 635 733 734 738 739 936 949 950 951 1076 1079 1082 1083 1085 1086 1209 1221 1222 1224 1278 1350 1354 1360 1490 1496 1497 }
{ 166 983 1006 1019 1298 1341 }
{ 192 315 654 716 1228 1456 }
{ 194 564 603 637 775 869 915 1188 1333 }
{ 200 399 407 491 718 763 854 860 976 1235 1373 1440 }
{ 208 270 945 1220 1344 1483 }
{ 221 223 387 388 618 901 1056 1181 1200 1311 }
{ 225 1365 }
{ 229 234 364 475 941 1193 1491 1495 }
{ 265 1206 1307 }
{ 271 334 335 687 1202 }
{ 278 279 286 398 422 454 461 566 587 721 724 726 741 837 838 839 843 863 870 1007 1015 1120 1143 1144 1157 1269 1274 1299 1393 1401 1405 1420 1423 1430 1434 1437 1444 }
{ 288 845 868 995 1167 1211 1484 }
{ 328 895 1027 }
{ 352 537 698 912 916 956 1098 1100 1328 1366 1369 }
{ 376 685 933 1118 1203 1204 1243 1388 }
{ 379 498 505 597 723 1284 1415 }
{ 394 624 677 694 903 907 957 1316 1458 }
{ 404 443 557 576 770 803 805 806 1047 1161 1175 1196 }
{ 405 451 722 872 963 1132 1324 1416 1449 }
{ 420 767 923 989 999 1053 1124 1131 1159 1296 1320 1427 1429 1466 }
{ 431 926 1051 1091 1149 1470 }
{ 434 1067 1069 1480 }
{ 476 489 1212 1353 }
{ 479 1058 1192 }
{ 495 1258 1439 1463 }
{ 527 779 1208 1342 }
{ 531 572 822 864 877 1014 1122 1141 1163 1297 1308 1400 1489 }
{ 534 536 1094 1095 1097 1102 }
{ 540 544 623 690 703 }
{ 565 746 819 998 1048 1066 1070 1147 1148 1155 1162 1277 1279 1280 1282 1285 1291 1293 1305 1398 1413 1431 1435 1445 1446 1475 1479 1485 }
{ 617 1057 1195 1248 1469 }
{ 627 732 1077 1078 1217 1223 1355 1356 1361 1362 1363 1487 1488 1492 1494 1498 }
{ 633 636 942 1084 1219 1349 }
{ 665 670 825 1089 1232 }
{ 680 }
{ 759 1088 1103 1119 1138 1178 1182 1187 1198 1216 1234 }
{ 826 832 }
{ 904 906 1039 1315 1317 1318 1451 }
{ 910 1011 1017 1026 1074 1160 1185 1310 1346 1407 1459 1482 }
{ 922 1370 1381 }
{ 954 1289 1450 1477 }
{ 1035 1250 1251 1378 1389 }
{ 1072 1207 1352 1474 }
{ 1110 1377 }
{ 1259 1392 1394 1397 }
-------
{ 221 1182 1187 }
{ 85 552 696 818 953 1087 1226 1364 1499 }
{ 366 391 522 559 699 795 867 924 1132 1277 1278 1354 1361 }
{ 630 763 841 893 1072 1079 1085 1222 1351 1403 1407 }
{ 82 91 188 478 529 606 612 842 860 1104 1106 1249 1250 1378 1380 1386 1389 1390 }
{ 256 703 }
{ 1053 1160 1295 1459 1489 }
{ 1088 1178 1198 }
{ 265 349 479 896 1048 1307 1337 1469 }
{ 956 1103 }
{ 266 306 564 565 573 688 746 762 775 789 861 876 884 943 974 978 996 997 1005 1030 1134 1156 1169 1184 1188 1197 1203 1256 1275 1284 1292 1296 1302 1304 1306 1408 1410 1413 1429 1446 1462 }
{ 770 941 1355 }
{ 526 685 778 780 900 1038 1040 1041 1204 1313 }
{ 86 }
{ 360 486 }
{ 27 108 245 272 453 461 566 567 674 845 864 1020 1122 1153 1167 1283 1297 }
{ 52 129 680 1305 1397 }
{ 223 547 852 }
{ 39 41 42 613 916 917 962 1112 1375 1455 }
{ 1110 1196 }
{ 1123 }
{ 489 1074 }
{ 667 832 }
{ 61 291 395 1067 }
{ 80 1495 }
{ 34 37 119 352 745 872 912 922 1464 }
{ 160 166 405 1332 1488 }
{ 60 1243 1383 }
{ 793 930 933 1322 1463 }
{ 476 491 937 976 1120 1144 }
{ 175 277 558 871 899 1042 1138 1146 1208 1301 1357 }
{ 525 644 906 1036 1181 1200 1317 }
{ 497 1060 1323 1460 }
{ 200 278 407 877 1047 1260 1299 1396 1401 1415 1423 1424 1432 1438 }
{ 345 404 557 1235 1329 1365 }
{ 1148 1343 1445 }
{ 0 1 2 3 5 8 10 11 12 13 16 17 18 26 29 30 32 35 36 38 47 48 51 53 55 57 63 65 76 78 79 105 106 107 110 114 115 117 126 128 132 133 134 137 139 141 143 144 146 148 149 150 152 153 155 156 157 163 169 170 171 174 189 191 196 198 201 213 215 228 230 232 238 239 242 243 244 246 247 248 249 250 251 257 258 262 263 267 269 271 274 280 281 282 283 284 285 286 290 292 293 298 299 300 301 303 321 330 331 333 334 335 339 341 346 354 359 364 367 368 370 374 375 376 378 379 382 386 389 392 401 402 408 413 414 415 422 425 426 429 430 432 434 436 438 442 444 447 448 449 450 451 452 454 455 456 457 458 459 462 463 467 475 477 490 492 496 499 501 503 509 511 514 515 519 521 523 532 533 554 555 556 562 568 577 579 581 582 583 584 586 591 598 601 602 611 628 631 632 638 639 640 643 645 646 647 648 651 652 653 655 663 672 679 681 682 683 686 691 693 695 698 719 720 725 728 730 741 742 743 749 750 751 752 754 755 756 764 765 766 767 768 771 772 773 776 777 779 782 785 799 800 801 802 804 805 811 812 814 821 823 850 853 854 855 865 866 874 875 878 880 881 882 883 885 886 889 891 892 898 926 927 931 934 944 945 966 975 981 983 991 992 999 1002 1008 1009 1010 1013 1016 1017 1018 1021 1023 1029 1045 1049 1050 1064 1065 1066 1069 1093 1101 1102 1125 1128 1129 1135 1136 1139 1140 1149 1150 1151 1154 1163 1165 1166 1171 1172 1183 1202 1207 1210 1213 1215 1241 1252 1280 1286 1308 1318 1321 1334 1338 1367 1372 1374 1399 1409 1411 1412 1418 }
{ 219 313 616 670 708 711 820 969 1057 1061 1248 1346 }
{ 495 }
{ 603 723 869 1157 1258 }
{ 120 1098 1220 }
{ 81 1377 }
{ 534 687 813 848 1229 }
{ 62 356 925 1189 1324 }
{ 520 994 1145 1289 1309 }
{ 121 151 350 617 803 919 1044 1055 1195 1326 1330 }
{ 162 553 575 744 822 894 1158 }
{ 259 348 431 443 600 806 870 984 989 1007 1015 1131 1143 1155 1170 1274 1325 1333 1341 1393 1405 1406 1420 1422 1427 1434 1444 }
{ 472 531 1228 1456 }
{ 31 176 186 217 220 }
{ 64 70 127 130 158 172 214 324 340 353 358 481 585 605 656 1100 1263 1421 1484 }
{ 72 98 103 194 305 311 312 318 541 545 550 604 626 662 828 830 833 835 918 968 1113 1114 1179 1232 1236 1245 1270 1371 1382 1387 1454 }
{ 118 218 387 483 712 713 836 921 958 1191 }
{ 1118 }
{ 161 231 235 236 237 270 362 363 365 466 468 469 627 634 635 636 678 689 692 707 733 734 735 736 737 738 739 824 873 897 928 948 951 1024 1075 1076 1078 1080 1095 1109 1216 1224 1225 1233 1244 1344 1349 1358 1360 1362 1474 1491 1497 }
{ 185 193 208 791 909 1465 1483 }
{ 668 669 815 1006 1176 1285 1288 1331 1414 1473 1481 1482 }
{ 28 112 536 786 949 954 }
{ 93 94 125 138 140 142 159 178 184 197 199 254 255 304 309 316 319 329 336 437 508 540 671 690 704 710 798 831 834 859 1051 1052 1096 1099 1174 1240 1255 1376 1384 }
{ 225 901 1180 1201 }
{ 14 66 135 288 344 355 380 412 428 480 484 684 753 816 908 980 1000 1199 1314 1319 1369 }
{ 234 268 273 332 416 473 474 759 936 946 955 1068 1090 1352 }
{ 192 665 961 1247 }
{ 629 633 732 998 1004 1019 1077 1084 1086 1142 1209 1219 1223 1279 1342 1350 1356 1359 1363 1379 1416 1436 1447 1449 1490 1492 1494 1496 1498 }
{ 760 1269 1394 1430 }
{ 187 222 297 396 399 400 409 419 421 423 440 507 589 718 757 849 856 910 977 1012 1073 1126 1130 1257 1264 1265 1398 1400 1425 1426 }
{ 74 154 179 357 642 666 858 868 995 1059 1062 1091 1175 1190 1327 1335 1468 1470 1486 }
{ 1094 }
{ 295 576 }
{ 1212 }
{ 68 173 296 1312 }
{ 97 99 }
{ 50 123 371 470 610 624 625 1320 1467 }
{ 25 116 216 337 418 493 657 740 748 774 890 929 935 1141 }
{ 46 537 1366 1453 }
{ 104 289 433 524 542 590 722 729 1121 1259 1370 }
{ 372 }
{ 769 }
{ 43 227 325 343 394 675 677 694 784 825 907 911 957 1046 1089 1262 1316 1388 1458 }
{ 761 1014 1234 }
{ 22 23 24 56 59 71 83 89 109 111 113 177 182 190 195 202 203 204 205 206 209 210 211 212 226 229 233 302 315 317 320 322 323 326 327 338 347 351 383 384 385 393 471 500 512 516 517 518 527 528 548 549 560 563 593 609 673 676 700 701 716 787 790 792 796 807 810 879 913 914 932 939 940 947 1070 1071 1097 1168 1186 1205 1273 1339 1347 1452 }
{ 261 279 307 398 403 417 445 487 488 570 587 592 597 608 715 717 721 724 726 727 809 827 837 838 839 843 844 863 888 950 973 982 988 1011 1034 1082 1127 1133 1137 1221 1254 1267 1271 1272 1294 1404 1440 1461 }
{ 1392 }
{ 465 915 923 1161 }
{ 90 122 168 308 369 543 544 621 623 817 903 904 1039 1315 1451 }
{ 40 44 87 88 92 95 96 100 101 102 180 181 183 224 241 310 314 482 485 538 539 546 551 614 615 618 620 697 705 709 959 960 964 965 967 1043 1056 1063 1092 1115 1116 1211 1237 1239 1242 1246 1311 1381 1385 }
{ 985 1441 1478 }
{ 33 599 862 1107 1111 1353 1402 1448 }
{ 942 }
{ 758 1003 1027 1164 1177 1281 1298 1439 1450 }
{ 1480 }
{ 1119 }
{ 1058 1192 }
{ 165 207 264 420 435 510 731 }
{ 4 6 7 9 15 19 20 54 58 69 75 77 136 145 147 164 167 260 276 287 294 328 342 390 410 424 441 446 460 464 494 502 504 506 530 561 569 578 580 588 594 595 596 607 658 659 660 714 747 781 840 847 857 887 895 952 970 971 972 979 986 990 1001 1022 1025 1028 1032 1037 1147 1185 1238 1253 1261 1268 1300 1348 1417 1428 1476 }
{ 45 }
{ 498 1266 1395 1433 }
{ 49 67 84 124 131 240 252 253 275 361 373 377 381 397 406 411 427 439 505 513 535 571 572 574 619 622 637 641 649 650 664 702 706 794 797 808 819 826 829 846 851 905 920 938 963 987 993 1026 1031 1033 1035 1054 1081 1083 1105 1108 1117 1152 1159 1162 1173 1193 1194 1206 1214 1217 1218 1227 1230 1231 1251 1276 1282 1287 1290 1291 1293 1303 1310 1328 1336 1340 1345 1368 1373 1391 1419 1431 1435 1437 1442 1443 1457 1466 1471 1472 1475 1477 1479 1485 1487 1493 }
{ 788 902 1124 }
{ 21 73 388 654 661 783 }
-------
HAC average of average cluster similarities: 0.4387219137531178
HDC average of average cluster similarities: 0.48206864131123384
Clustering positive agreement: 0.007910222222222223
Clustering negative agreement: 0.9099004444444444
Clustering agreement composite: 0.9178106666666667
Clustering disagreement: 0.08218933333333334
