-------
{ 0 1 12 13 18 26 32 34 36 47 53 71 78 79 94 114 115 130 132 137 146 157 163 174 182 189 196 198 201 210 212 230 232 243 245 247 249 250 251 290 301 303 323 330 337 339 340 341 359 367 370 380 382 384 385 386 393 408 413 425 430 441 444 449 450 457 459 463 467 501 509 510 514 515 523 555 560 561 563 577 584 593 595 602 605 611 638 646 695 700 701 742 752 765 773 782 796 800 804 807 816 850 879 889 929 939 940 946 966 1002 1010 1049 1093 1101 1150 1168 1205 1241 1253 1268 1334 1347 }
{ 2 37 38 371 549 625 809 932 1238 }
{ 3 195 197 242 319 338 458 490 506 586 601 632 647 671 744 750 774 776 794 861 875 881 884 892 914 931 938 974 985 991 996 1029 1046 1068 1139 1140 1172 1213 1306 1339 1372 1409 1441 1443 }
{ 4 277 403 417 464 526 608 653 844 970 1025 1137 1177 1461 }
{ 5 30 105 108 154 244 293 331 453 891 1013 1327 }
{ 6 52 110 131 147 275 322 361 377 381 397 406 411 427 439 497 520 522 535 559 574 622 641 649 650 758 802 808 813 846 867 876 905 943 993 997 1031 1033 1071 1105 1117 1123 1152 1164 1166 1169 1173 1214 1229 1230 1256 1273 1276 1287 1290 1294 1295 1303 1335 1340 1345 1368 1391 1410 1412 1414 1417 1419 1422 1457 1460 1471 1472 1493 }
{ 7 17 27 126 143 144 164 178 191 280 284 304 316 342 346 355 410 418 428 437 474 484 487 488 493 494 496 562 598 686 719 731 747 748 749 855 857 874 984 986 990 1127 1165 1329 }
{ 8 16 20 54 63 65 101 135 140 141 145 153 167 241 255 256 285 354 412 446 447 456 477 532 553 554 581 583 594 679 681 705 743 751 753 756 764 799 885 917 972 1008 1032 1052 1136 1151 1286 1367 1371 1379 1383 }
{ 9 142 257 258 259 260 263 264 266 276 291 348 396 400 402 409 421 423 440 508 524 533 579 588 589 660 735 840 841 847 971 977 1022 1121 1265 1404 1406 1408 }
{ 10 62 158 267 378 678 699 817 878 981 992 1005 1125 1266 1272 1336 1395 1411 }
{ 11 235 236 237 254 273 287 332 333 362 366 436 445 466 468 473 629 648 689 692 717 727 736 737 740 769 814 824 873 887 897 928 937 948 955 973 988 1024 1075 1080 1081 1109 1129 1133 1218 1225 1233 1254 1267 1271 1358 1359 1402 }
{ 14 289 492 504 507 575 590 768 853 886 982 1215 }
{ 15 148 160 294 558 569 592 596 715 757 760 762 849 856 871 899 978 994 1001 1004 1126 1134 1145 1146 1156 1257 1260 1264 1281 1292 1300 1304 1357 1396 1424 1425 1426 1428 1432 1438 }
{ 19 76 124 228 238 299 365 401 460 470 530 628 658 786 810 1351 }
{ 21 25 66 74 125 155 272 292 300 357 395 480 542 568 666 745 761 772 812 866 908 1000 1199 1442 1448 1478 }
{ 22 51 106 133 139 149 150 152 156 165 207 261 262 268 269 281 283 298 320 375 414 415 424 426 432 435 438 442 452 455 462 521 556 578 582 591 640 645 720 754 755 766 771 789 882 890 893 898 927 952 975 1009 1016 1018 1023 1028 1034 1073 1135 1171 }
{ 23 24 83 107 109 111 202 204 205 206 209 321 325 326 511 512 517 643 674 675 676 790 791 792 865 909 911 1184 1186 1321 1322 1323 }
{ 28 216 282 368 465 683 888 1128 1325 1374 }
{ 29 50 175 176 390 651 657 659 684 894 1065 1210 1337 }
{ 31 119 1064 1332 }
{ 33 40 185 193 312 547 610 662 851 859 944 980 1111 1262 1263 1403 1453 }
{ 35 134 246 360 486 519 663 811 821 913 934 1045 1050 }
{ 39 46 179 180 181 314 546 616 706 1246 }
{ 41 58 69 81 88 98 170 183 184 188 211 309 310 311 502 529 538 599 606 609 612 613 704 710 714 785 833 834 842 979 1037 1096 1179 1236 1240 1244 1376 1380 1384 1390 }
{ 42 44 95 96 99 224 248 448 478 482 539 541 551 614 620 626 709 713 836 964 1115 1239 1242 }
{ 43 168 231 369 373 543 702 835 1108 1227 1231 }
{ 45 84 162 307 }
{ 48 215 219 343 351 471 483 485 621 667 711 712 784 795 820 829 918 920 958 1036 1092 1467 }
{ 49 92 102 104 313 708 798 828 965 967 969 1061 1063 1106 1237 1375 }
{ 55 56 57 136 233 239 363 631 682 691 935 1348 }
{ 59 151 177 186 187 190 199 499 500 528 548 604 607 725 728 729 823 848 862 1130 1183 1255 1270 }
{ 60 91 }
{ 61 138 345 429 503 567 570 571 1020 1153 1170 1283 1319 }
{ 64 349 481 585 815 1054 1176 }
{ 67 80 513 900 902 1043 1245 1382 1455 }
{ 68 70 169 171 173 226 296 302 358 374 389 392 652 655 777 780 781 787 947 1312 1313 }
{ 72 75 77 112 297 661 783 1040 1041 1399 1452 }
{ 73 172 227 391 525 656 778 1038 1180 1201 1476 }
{ 82 707 831 }
{ 85 552 696 818 953 1087 1226 1364 1499 }
{ 86 253 1090 }
{ 87 89 100 103 240 305 306 317 318 336 550 615 619 697 830 960 962 1112 1249 1385 1387 1454 }
{ 90 308 545 827 852 961 968 1104 1113 1114 1247 }
{ 93 97 433 580 858 1158 }
{ 113 673 788 930 1042 1044 1314 1464 }
{ 116 117 118 213 356 664 797 801 924 925 959 1116 1194 }
{ 120 218 220 347 372 383 668 921 1191 1197 1465 }
{ 121 222 295 350 639 642 644 919 1055 1059 1062 1189 1301 1326 1330 1343 1421 1468 1473 1486 }
{ 122 217 }
{ 123 573 600 688 1030 1060 1190 1275 1288 1302 1331 1462 1481 }
{ 127 214 274 353 419 669 693 730 880 883 896 987 1003 1012 1021 1142 1154 1252 1261 1309 1418 1433 1436 1447 }
{ 128 203 324 327 516 518 672 793 1338 }
{ 129 252 329 }
{ 159 344 416 1099 1107 1174 1386 }
{ 161 469 472 630 634 635 733 734 738 739 936 949 950 951 1076 1079 1082 1083 1085 1086 1209 1221 1222 1224 1278 1350 1354 1360 1490 1496 1497 }
{ 166 983 1006 1019 1298 1341 }
{ 192 315 654 716 1228 1456 }
{ 194 564 603 637 775 869 915 1188 1333 }
{ 200 399 407 491 718 763 854 860 976 1235 1373 1440 }
{ 208 270 945 1220 1344 1483 }
{ 221 223 387 388 618 901 1056 1181 1200 1311 }
{ 225 1365 }
{ 229 234 364 475 941 1193 1491 1495 }
{ 265 1206 1307 }
{ 271 334 335 687 1202 }
{ 278 279 286 398 422 454 461 566 587 721 724 726 741 837 838 839 843 863 870 1007 1015 1120 1143 1144 1157 1269 1274 1299 1393 1401 1405 1420 1423 1430 1434 1437 1444 }
{ 288 845 868 995 1167 1211 1484 }
{ 328 895 1027 }
{ 352 537 698 912 916 956 1098 1100 1328 1366 1369 }
{ 376 685 933 1118 1203 1204 1243 1388 }
{ 379 498 505 597 723 1284 1415 }
{ 394 624 677 694 903 907 957 1316 1458 }
{ 404 443 557 576 770 803 805 806 1047 1161 1175 1196 }
{ 405 451 722 872 963 1132 1324 1416 1449 }
{ 420 767 923 989 999 1053 1124 1131 1159 1296 1320 1427 1429 1466 }
{ 431 926 1051 1091 1149 1470 }
{ 434 1067 1069 1480 }
{ 476 489 1212 1353 }
{ 479 1058 1192 }
{ 495 1258 1439 1463 }
{ 527 779 1208 1342 }
{ 531 572 822 864 877 1014 1122 1141 1163 1297 1308 1400 1489 }
{ 534 536 1094 1095 1097 1102 }
{ 540 544 623 690 703 }
{ 565 746 819 998 1048 1066 1070 1147 1148 1155 1162 1277 1279 1280 1282 1285 1291 1293 1305 1398 1413 1431 1435 1445 1446 1475 1479 1485 }
{ 617 1057 1195 1248 1469 }
{ 627 732 1077 1078 1217 1223 1355 1356 1361 1362 1363 1487 1488 1492 1494 1498 }
{ 633 636 942 1084 1219 1349 }
{ 665 670 825 1089 1232 }
{ 680 }
{ 759 1088 1103 1119 1138 1178 1182 1187 1198 1216 1234 }
{ 826 832 }
{ 904 906 1039 1315 1317 1318 1451 }
{ 910 1011 1017 1026 1074 1160 1185 1310 1346 1407 1459 1482 }
{ 922 1370 1381 }
{ 954 1289 1450 1477 }
{ 1035 1250 1251 1378 1389 }
{ 1072 1207 1352 1474 }
{ 1110 1377 }
{ 1259 1392 1394 1397 }
-------
{ 159 443 573 760 862 1007 1369 }
{ 180 535 641 1104 1174 1194 1229 1328 1389 }
{ 1178 1198 1216 }
{ 23 182 240 305 316 322 365 377 381 406 470 574 649 675 677 706 707 783 788 794 846 876 905 938 993 1008 1026 1046 1070 1162 1206 1214 1232 1287 1294 1295 1320 1466 1472 1493 }
{ 350 637 }
{ 49 92 119 539 620 711 713 826 836 959 1035 1238 }
{ 21 41 42 44 99 100 125 192 194 219 224 310 478 551 613 705 709 712 933 960 964 967 1063 1112 1115 1116 1211 1239 1242 1384 }
{ 616 }
{ 1057 1074 1243 1346 1388 }
{ 7 47 54 144 449 464 558 596 799 857 899 910 954 970 1011 1024 1028 1095 1127 1129 1137 1301 1396 1426 1461 }
{ 1157 1259 1272 1279 1445 }
{ 227 388 654 900 901 906 1038 1040 1042 1181 1311 1313 1314 1315 1332 }
{ 2 8 12 17 133 141 146 153 201 250 267 271 279 284 285 335 412 413 416 430 432 555 581 632 679 721 759 765 769 775 776 821 837 843 887 888 937 986 988 990 1023 1094 1254 1267 1342 1432 }
{ 52 131 313 427 505 520 619 664 669 806 808 861 867 1033 1047 1188 1289 1290 1422 1444 1485 }
{ 853 890 995 1126 1260 1274 1394 1415 1420 1430 1438 1441 }
{ 39 45 64 97 129 181 585 }
{ 222 231 1200 1318 1465 }
{ 531 572 603 1019 1257 1299 1423 }
{ 62 1053 1143 1195 1296 }
{ 237 466 473 629 636 689 736 945 1075 1077 1078 1079 1209 1221 1225 1353 1355 1356 1359 1362 1474 1488 1489 1495 }
{ 3 142 266 396 423 469 476 630 733 735 763 858 870 928 942 948 950 951 973 989 1076 1146 1161 1219 1222 1226 1333 1344 1357 1406 1425 1434 1497 }
{ 90 113 308 541 617 852 1114 1182 1185 1190 1250 }
{ 15 145 148 294 490 592 731 762 849 978 1145 1155 1156 1281 1292 1300 1414 1424 1428 1433 1439 }
{ 86 185 193 395 538 547 690 907 1262 1351 1453 }
{ 480 553 744 845 872 884 923 961 981 1124 1132 1140 1256 1258 1266 1395 1397 1405 1411 1413 1416 1437 1475 }
{ 411 439 567 702 1006 1148 1159 1246 1282 1293 1308 1340 1410 1457 1469 1481 }
{ 60 83 110 111 195 202 206 208 209 252 324 326 336 392 393 512 610 671 673 695 790 792 810 813 879 932 1069 1118 1321 1339 1480 }
{ 85 552 696 }
{ 37 122 168 351 694 784 820 829 832 1193 1451 1464 }
{ 14 223 514 542 982 1183 }
{ 80 300 302 657 659 661 894 }
{ 818 953 1087 }
{ 179 352 354 670 916 1090 1330 1463 }
{ 357 534 685 1097 1228 }
{ 65 314 325 347 369 546 624 835 920 956 1058 1092 1151 }
{ 154 278 288 293 355 404 436 453 461 484 891 1013 1020 1055 1120 1167 1234 1327 1341 1367 1402 }
{ 295 345 348 368 564 1003 1486 }
{ 587 936 975 976 1144 1368 1418 }
{ 329 333 477 770 1072 1084 1470 }
{ 19 68 69 70 72 75 76 77 81 91 169 170 171 173 226 229 296 298 299 301 364 370 389 401 460 502 526 653 655 658 662 777 780 785 787 831 947 979 1037 1179 1312 }
{ 10 356 361 687 797 802 911 922 997 1227 1231 1345 1417 }
{ 312 778 1160 1245 1382 }
{ 67 82 513 604 825 1117 1456 }
{ 166 275 481 880 996 1048 1276 1291 1374 1431 1435 1479 }
{ 123 158 257 291 458 828 1113 1128 1255 1270 1370 }
{ 419 869 915 1027 1110 1336 }
{ 59 66 151 162 163 186 187 197 259 264 265 289 290 297 334 353 409 421 440 457 465 507 508 510 524 575 589 590 593 595 605 611 714 719 761 822 823 840 841 847 850 859 881 896 941 977 980 991 1130 1131 1158 1253 1263 1265 1268 1404 1452 }
{ 241 306 344 499 606 626 827 958 966 1091 1111 1236 1247 1383 }
{ 140 256 362 433 446 468 472 737 740 809 854 897 955 1207 1244 1352 1440 }
{ 1364 1499 }
{ 221 287 403 487 557 576 851 1191 1329 }
{ 5 18 35 38 149 189 199 210 233 242 249 274 283 319 338 339 376 379 384 408 415 420 422 442 448 459 462 497 498 500 563 577 584 586 645 647 684 686 693 701 718 728 730 754 755 768 800 807 848 863 875 882 883 892 939 983 1021 1066 1071 1073 1135 1150 1154 1412 1447 }
{ 32 108 150 745 811 1213 }
{ 11 26 30 36 74 114 128 132 134 176 203 204 230 232 244 247 269 327 331 343 359 374 375 382 426 467 515 517 521 523 549 638 639 643 663 796 804 805 812 866 909 926 944 1045 1049 1062 1101 1149 1205 1210 1319 1334 1347 1403 }
{ 107 253 511 516 518 536 698 791 1102 1186 }
{ 29 50 220 243 248 640 898 929 1202 }
{ 34 245 519 644 912 919 940 1059 1192 1421 1473 1484 }
{ 235 236 544 634 692 738 924 935 1080 1083 1105 1109 1217 1220 1233 1310 }
{ 815 1060 1176 1189 1196 1288 1325 1331 1343 1468 }
{ 1088 }
{ 28 55 527 680 1372 1443 }
{ 225 667 708 1248 1251 1371 1467 }
{ 20 57 61 112 139 276 450 494 504 530 578 681 703 743 756 781 1010 1032 1125 1136 1286 1379 1390 }
{ 13 63 172 444 588 599 656 786 895 984 1121 1204 1399 }
{ 116 136 174 216 328 346 367 386 471 486 816 908 913 934 }
{ 0 475 691 817 1000 }
{ 84 387 618 957 1056 1455 1458 }
{ 118 537 560 716 753 917 1041 1052 1093 1199 1241 1448 }
{ 600 868 987 1269 1283 1392 1393 1429 }
{ 522 650 746 865 943 998 1005 1014 1030 1031 1141 1142 1152 1163 1169 1170 1184 1284 1302 1303 1304 1305 1322 1323 1391 1398 1419 1462 }
{ 147 400 631 682 748 751 1168 1252 1450 1483 }
{ 95 96 104 317 318 371 483 615 697 798 918 962 965 968 969 1061 1237 1366 1375 1381 1387 }
{ 87 482 665 1036 1108 }
{ 642 925 930 1044 1100 1187 }
{ 160 273 332 399 407 445 488 724 727 739 795 855 860 1082 1085 1208 1223 1224 1271 1277 1278 1309 1324 1350 1354 1400 1491 }
{ 25 33 53 56 93 130 138 157 164 175 178 191 196 239 304 330 337 434 437 456 463 493 528 532 602 609 764 864 1051 1348 1376 }
{ 24 43 254 474 540 543 559 625 873 1153 1235 1358 1361 1365 1373 }
{ 9 307 431 1122 1307 1407 1408 }
{ 124 234 255 363 366 372 373 571 627 628 668 678 699 1081 1175 1218 1460 1487 }
{ 105 155 156 205 261 272 286 398 429 454 570 580 601 666 688 723 726 789 793 838 839 877 893 927 1029 1050 1164 1171 1264 1275 1306 1401 }
{ 405 569 608 715 757 766 1001 1004 1064 1134 1138 1147 1298 1449 }
{ 120 218 383 525 904 921 1039 1201 1317 }
{ 126 198 213 217 246 251 263 292 380 496 506 533 556 583 591 597 598 683 720 752 886 974 1009 1015 1016 1098 1133 1212 1326 1338 1478 }
{ 121 1054 1197 1297 }
{ 27 428 447 566 741 774 1025 1123 1427 1477 }
{ 1017 1203 1459 1482 }
{ 73 391 621 902 903 1316 1476 }
{ 16 161 509 633 992 1360 }
{ 1 135 424 582 672 742 747 750 758 985 }
{ 58 89 98 184 188 190 211 311 451 485 495 529 545 550 607 612 614 710 833 842 1106 1249 1377 1378 1380 1385 1386 }
{ 40 46 48 88 94 101 102 183 215 309 315 704 729 834 }
{ 6 71 78 106 109 117 127 137 143 152 165 177 207 212 214 228 238 262 281 282 320 323 340 342 349 358 378 385 410 414 435 438 452 455 501 548 568 579 594 646 648 652 676 700 722 725 771 772 773 782 801 803 814 874 878 889 931 946 999 1002 1012 1096 1139 1166 1172 1240 1273 1280 1337 1446 }
{ 31 79 115 258 260 280 303 321 341 360 390 441 479 503 565 651 767 885 914 1018 1022 1034 1065 1261 }
{ 22 51 268 402 425 492 779 856 971 972 1068 1215 1436 }
{ 1103 }
{ 103 394 1043 1089 1180 1454 }
{ 397 622 623 819 830 963 1099 1107 1173 1230 1285 1335 1409 1442 1471 }
{ 4 167 200 270 277 417 418 489 491 554 561 562 635 660 717 732 734 749 844 871 949 952 994 1086 1165 1177 1349 1363 1490 1492 1494 1496 1498 }
{ 1119 }
{ 674 824 1067 }
-------
HAC average of average cluster similarities: 0.4387219137531178
HDC average of average cluster similarities: 0.3818695220240823
Clustering positive agreement: 0.002719111111111111
Clustering negative agreement: 0.9611093333333334
Clustering agreement composite: 0.9638284444444445
Clustering disagreement: 0.03617155555555551
