-------
{ 0 1 7 12 13 17 18 22 26 27 28 29 32 34 36 47 50 51 53 71 78 79 94 106 114 115 126 130 132 133 137 139 143 144 146 149 150 152 156 157 163 164 165 174 175 176 178 182 189 191 196 198 201 207 210 212 216 230 232 243 245 247 249 250 251 261 262 268 269 280 281 282 283 284 290 298 301 303 304 316 320 323 330 337 339 340 341 342 346 355 359 367 368 370 375 380 382 384 385 386 390 393 408 410 413 414 415 418 424 425 426 428 430 432 435 437 438 441 442 444 449 450 452 455 457 459 462 463 465 467 474 484 487 488 493 494 496 501 509 510 514 515 521 523 555 556 560 561 562 563 577 578 582 584 591 593 595 598 602 605 611 638 640 645 646 651 657 659 683 684 686 695 700 701 719 720 731 742 747 748 749 752 754 755 765 766 771 773 782 789 796 800 804 807 816 850 855 857 874 879 882 888 889 890 893 894 898 927 929 939 940 946 952 966 975 984 986 990 1002 1009 1010 1016 1018 1023 1028 1034 1049 1065 1073 1093 1101 1127 1128 1135 1150 1165 1168 1171 1205 1210 1241 1253 1268 1325 1329 1334 1337 1347 1374 }
{ 2 19 37 38 59 76 124 151 177 186 187 190 199 228 238 299 365 371 401 460 470 499 500 528 530 548 549 604 607 625 628 658 725 728 729 786 809 810 823 848 862 932 1130 1183 1238 1255 1270 1351 }
{ 3 195 197 242 271 319 334 335 338 434 458 490 506 586 601 632 647 671 687 744 750 774 776 794 861 875 881 884 892 914 931 938 974 985 991 996 1029 1046 1067 1068 1069 1139 1140 1172 1202 1213 1306 1339 1372 1409 1441 1443 1480 }
{ 4 127 214 274 277 353 403 417 419 464 526 608 653 669 693 730 844 880 883 896 970 987 1003 1012 1021 1025 1137 1142 1154 1177 1252 1261 1309 1418 1433 1436 1447 1461 }
{ 5 30 105 108 154 244 293 331 431 453 891 926 1013 1051 1091 1149 1327 1470 }
{ 6 43 52 110 131 147 168 231 275 322 361 369 373 377 381 397 406 411 427 439 497 520 522 535 543 559 574 622 641 649 650 702 758 802 808 813 835 846 867 876 905 943 993 997 1031 1033 1071 1105 1108 1117 1123 1152 1164 1166 1169 1173 1214 1227 1229 1230 1231 1256 1273 1276 1287 1290 1294 1295 1303 1335 1340 1345 1368 1391 1410 1412 1414 1417 1419 1422 1457 1460 1471 1472 1493 }
{ 8 16 20 54 63 65 101 135 140 141 145 153 167 241 255 256 285 354 412 446 447 456 477 532 553 554 581 583 594 679 681 705 743 751 753 756 764 799 885 917 972 1008 1032 1052 1136 1151 1286 1367 1371 1379 1383 }
{ 9 142 257 258 259 260 263 264 266 276 291 328 348 396 400 402 409 421 423 440 508 524 533 579 588 589 660 735 840 841 847 895 971 977 1022 1027 1121 1265 1404 1406 1408 }
{ 10 31 62 119 158 267 378 678 699 817 878 981 992 1005 1064 1125 1266 1272 1332 1336 1395 1411 }
{ 11 200 235 236 237 254 273 287 332 333 362 366 399 407 436 445 466 468 473 491 629 648 689 692 717 718 727 736 737 740 763 769 814 824 854 860 873 887 897 928 937 948 955 973 976 988 1024 1075 1080 1081 1109 1129 1133 1218 1225 1233 1235 1254 1267 1271 1358 1359 1373 1402 1440 }
{ 14 278 279 286 289 398 422 454 461 492 504 507 566 575 587 590 721 724 726 741 768 837 838 839 843 853 863 870 886 982 1007 1015 1120 1143 1144 1157 1215 1269 1274 1299 1393 1401 1405 1420 1423 1430 1434 1437 1444 }
{ 15 148 160 166 294 476 489 558 569 592 596 715 757 760 762 849 856 871 899 978 983 994 1001 1004 1006 1019 1126 1134 1145 1146 1156 1212 1257 1260 1264 1281 1292 1298 1300 1304 1341 1353 1357 1396 1424 1425 1426 1428 1432 1438 }
{ 21 23 24 25 35 66 74 83 107 109 111 125 128 134 155 202 203 204 205 206 209 246 272 292 300 321 324 325 326 327 357 360 395 480 486 511 512 516 517 518 519 542 568 643 663 666 672 674 675 676 745 761 772 790 791 792 793 811 812 821 865 866 908 909 911 913 934 1000 1045 1050 1184 1186 1199 1321 1322 1323 1338 1442 1448 1478 }
{ 33 40 60 91 185 192 193 312 315 547 610 654 662 716 851 859 944 980 1111 1228 1262 1263 1403 1453 1456 }
{ 39 46 179 180 181 314 546 616 706 1246 }
{ 41 58 69 81 88 98 170 183 184 188 211 309 310 311 502 529 538 599 606 609 612 613 704 710 714 785 833 834 842 979 1037 1096 1179 1236 1240 1244 1376 1380 1384 1390 }
{ 42 44 49 92 95 96 99 102 104 221 223 224 248 313 387 388 448 478 482 539 541 551 614 618 620 626 708 709 713 798 828 836 901 922 964 965 967 969 1056 1061 1063 1106 1115 1181 1200 1237 1239 1242 1311 1370 1375 1381 }
{ 45 84 162 307 1035 1250 1251 1378 1389 }
{ 48 87 89 100 103 215 219 240 305 306 317 318 336 343 351 352 471 483 485 537 550 615 619 621 665 667 670 697 698 711 712 784 795 820 825 829 830 912 916 918 920 956 958 960 962 1036 1089 1092 1098 1100 1112 1232 1249 1328 1366 1369 1385 1387 1454 1467 }
{ 55 56 57 136 159 233 239 344 363 416 631 682 691 935 1099 1107 1174 1348 1386 }
{ 61 138 345 379 429 498 503 505 567 570 571 597 723 954 1020 1153 1170 1259 1283 1284 1289 1319 1392 1394 1397 1415 1450 1477 }
{ 64 116 117 118 213 349 356 479 481 585 664 680 797 801 815 924 925 959 1054 1058 1116 1176 1192 1194 }
{ 67 72 73 75 77 80 112 172 227 297 391 513 525 656 661 778 783 900 902 1038 1040 1041 1043 1180 1201 1245 1382 1399 1452 1455 1476 }
{ 68 70 169 171 173 226 296 302 358 374 389 392 652 655 777 780 781 787 904 906 947 1039 1312 1313 1315 1317 1318 1451 }
{ 82 707 831 }
{ 85 552 696 818 953 1087 1226 1364 1499 }
{ 86 253 1090 }
{ 90 308 545 827 852 961 968 1104 1113 1114 1247 }
{ 93 97 433 580 858 1158 }
{ 113 540 544 623 673 690 703 788 930 1042 1044 1314 1464 }
{ 120 218 220 347 372 383 668 921 1191 1197 1465 }
{ 121 222 295 350 617 639 642 644 919 1055 1057 1059 1062 1189 1195 1248 1301 1326 1330 1343 1421 1468 1469 1473 1486 }
{ 122 217 }
{ 123 265 565 573 600 688 746 819 998 1030 1048 1060 1066 1070 1147 1148 1155 1162 1190 1206 1275 1277 1279 1280 1282 1285 1288 1291 1293 1302 1305 1307 1331 1398 1413 1431 1435 1445 1446 1462 1475 1479 1481 1485 }
{ 129 252 329 }
{ 161 469 472 627 630 633 634 635 636 732 733 734 738 739 936 942 949 950 951 1076 1077 1078 1079 1082 1083 1084 1085 1086 1209 1217 1219 1221 1222 1223 1224 1278 1349 1350 1354 1355 1356 1360 1361 1362 1363 1487 1488 1490 1492 1494 1496 1497 1498 }
{ 194 404 443 557 564 576 603 637 770 775 803 805 806 869 915 1047 1161 1175 1188 1196 1333 }
{ 208 229 234 270 364 475 941 945 1072 1193 1207 1220 1344 1352 1474 1483 1491 1495 }
{ 225 1365 }
{ 288 845 868 995 1167 1211 1484 }
{ 376 495 685 933 1118 1203 1204 1243 1258 1388 1439 1463 }
{ 394 624 677 694 903 907 957 1316 1458 }
{ 405 451 722 872 963 1132 1324 1416 1449 }
{ 420 767 910 923 989 999 1011 1017 1026 1053 1074 1124 1131 1159 1160 1185 1296 1310 1320 1346 1407 1427 1429 1459 1466 1482 }
{ 527 779 1208 1342 }
{ 531 572 822 864 877 1014 1122 1141 1163 1297 1308 1400 1489 }
{ 534 536 1094 1095 1097 1102 }
{ 759 1088 1103 1119 1138 1178 1182 1187 1198 1216 1234 }
{ 826 832 }
{ 1110 1377 }
-------
{ 21 193 221 308 312 495 547 768 848 852 943 980 996 1074 1114 1150 1170 1241 1245 1255 1282 1351 1375 1382 1386 1410 1456 1475 1481 }
{ 522 576 666 685 869 1047 1081 1218 1290 1306 1372 1393 1404 1417 1478 1485 }
{ 37 91 124 160 161 200 235 236 237 270 273 277 278 279 304 332 342 362 368 399 407 417 436 437 445 464 466 468 469 472 473 474 488 489 491 530 544 557 559 569 587 592 608 623 627 629 630 635 636 689 692 715 717 724 727 732 733 734 736 737 738 739 740 758 759 763 786 814 817 838 843 844 849 854 857 860 870 887 893 897 910 924 928 936 937 948 950 951 955 970 973 984 988 1011 1015 1024 1025 1028 1075 1076 1077 1078 1080 1082 1083 1085 1086 1109 1129 1137 1145 1153 1167 1177 1208 1209 1220 1221 1222 1224 1225 1233 1235 1254 1278 1298 1313 1329 1342 1344 1349 1350 1352 1353 1354 1357 1358 1359 1361 1362 1363 1373 1390 1396 1400 1402 1406 1432 1440 1461 1474 1488 1496 }
{ 138 222 558 566 580 634 757 762 856 871 942 949 978 994 1027 1042 1126 1134 1138 1146 1147 1156 1203 1219 1243 1257 1281 1292 1301 1346 1356 1388 1424 1426 1439 1482 1490 1497 }
{ 86 107 213 520 642 915 1044 1188 1189 1309 1326 1327 1330 1341 1343 1470 }
{ 383 614 667 670 1057 1106 1200 1458 }
{ 85 696 818 1087 1226 1364 1499 }
{ 61 391 600 896 1006 1323 1408 1415 1437 1444 1445 1450 }
{ 119 179 357 795 832 1175 1190 }
{ 9 46 81 108 142 162 163 186 255 286 287 289 290 310 328 364 409 421 440 500 501 502 507 526 575 588 589 599 606 607 609 626 686 714 718 725 726 828 830 840 842 847 850 979 1121 1130 1240 1250 1261 1263 1371 1377 1378 1380 }
{ 5 6 27 30 45 70 121 123 129 131 143 147 150 233 249 252 257 259 262 267 275 322 338 361 365 375 376 377 379 381 389 392 397 398 411 414 422 426 427 452 476 505 521 527 533 535 556 567 568 574 577 579 601 603 611 622 628 632 641 649 650 656 657 669 687 706 728 741 744 750 766 767 773 774 790 791 813 819 822 841 846 861 865 866 867 875 876 879 880 905 909 938 939 977 983 987 997 999 1005 1031 1033 1038 1060 1069 1070 1071 1105 1123 1152 1154 1158 1162 1173 1183 1184 1214 1215 1217 1229 1256 1273 1276 1280 1284 1285 1287 1293 1294 1295 1297 1303 1304 1305 1320 1321 1322 1325 1331 1335 1340 1345 1368 1403 1409 1412 1414 1419 1435 1441 1442 1443 1448 1460 1462 1465 1472 1479 1493 }
{ 29 44 50 58 60 68 69 72 82 89 98 102 168 169 171 173 187 188 211 225 227 297 311 388 394 524 529 538 612 613 615 659 661 662 697 778 784 785 900 901 907 964 968 1039 1041 1043 1089 1113 1179 1201 1236 1312 1316 1385 1452 1453 1454 1455 }
{ 366 571 664 806 808 1148 1164 1169 1275 1277 1355 1459 1477 }
{ 172 348 378 465 479 525 789 989 1143 }
{ 552 }
{ 693 895 1019 1065 1066 1428 1480 }
{ 80 1110 1476 }
{ 65 67 305 372 373 513 534 835 958 1108 1197 1227 1328 1336 }
{ 52 57 64 83 197 208 214 220 319 325 350 356 363 481 517 585 586 637 665 676 677 678 703 794 797 802 825 851 903 911 1054 1099 1102 1166 1176 1182 1194 1230 1231 1232 1308 1374 1471 }
{ 2 23 25 26 33 38 40 43 47 55 56 59 66 71 88 109 111 113 114 115 122 125 134 170 176 177 182 189 190 195 202 203 204 206 210 212 226 228 229 231 234 239 241 247 248 269 300 302 315 317 321 323 324 326 327 330 336 343 347 351 358 369 370 371 382 384 385 386 387 438 463 467 470 483 499 503 512 528 542 548 549 560 581 610 625 639 640 652 663 673 675 682 698 701 708 711 716 782 792 796 798 804 807 810 816 820 859 889 917 926 932 944 947 966 1023 1046 1062 1091 1096 1097 1098 1100 1101 1168 1172 1181 1186 1192 1199 1205 1210 1216 1238 1262 1317 1318 1334 1337 1339 1347 1348 1369 1370 1451 }
{ 1088 1103 }
{ 240 353 624 690 713 801 826 829 922 959 962 967 1116 1248 1381 1467 }
{ 3 120 167 217 223 260 295 345 404 418 492 565 570 748 776 803 906 929 1018 1029 1034 1068 1072 }
{ 953 }
{ 4 7 15 19 20 34 35 112 127 148 164 175 242 243 272 288 294 331 354 359 396 400 413 416 423 424 432 434 446 449 455 459 460 471 561 582 591 596 597 638 651 655 660 683 695 751 754 755 756 760 793 837 877 898 899 927 933 946 982 1001 1009 1013 1016 1045 1090 1122 1135 1157 1171 1202 1207 1264 1265 1300 1367 1401 1425 }
{ 132 271 292 360 380 486 805 913 919 930 945 1050 1212 }
{ 116 117 352 551 654 769 925 1092 1234 1366 }
{ 28 76 106 126 130 159 178 191 196 199 209 284 316 320 509 515 555 584 602 643 648 700 749 809 823 831 862 918 941 1094 1128 1397 }
{ 313 419 454 461 616 735 779 894 995 1007 1053 1118 1131 1247 1260 1296 1299 1307 1333 1420 1423 1427 1429 1430 1434 1438 }
{ 51 62 152 158 238 258 263 264 265 274 282 307 341 349 390 402 408 428 457 506 508 510 593 594 605 646 647 719 730 731 772 858 872 874 878 881 884 885 886 971 972 975 985 991 1008 1012 1022 1139 1140 1142 1165 1198 1253 1268 1271 1324 1405 1411 1447 1468 }
{ 166 192 266 405 451 458 497 957 963 976 1035 1132 1160 1195 1252 1266 1332 1416 1431 1489 }
{ 498 617 923 1124 1258 1272 1302 1395 1398 1422 1469 1492 1495 }
{ 218 253 618 621 671 694 904 916 920 1036 1056 1178 1191 1193 1311 1315 1464 }
{ 154 443 564 668 674 746 815 845 934 1003 1020 1055 1064 1155 1196 1274 1283 1288 1392 1394 }
{ 31 355 395 475 484 644 745 824 912 1059 1084 1111 1161 1484 1486 }
{ 1119 1187 }
{ 205 519 572 633 775 1048 1185 1259 1446 1449 }
{ 42 103 185 291 439 545 619 702 788 993 1026 1104 1117 1206 1270 1291 1310 1384 1387 1389 1391 1457 1487 1491 }
{ 420 462 490 573 688 770 811 891 954 974 1067 1073 1319 }
{ 105 155 244 293 374 429 431 453 514 721 812 839 1049 1120 1144 1338 }
{ 680 868 1159 1223 1365 1473 1483 }
{ 49 84 87 95 96 97 180 194 219 224 306 318 482 604 620 705 836 921 965 969 1061 1115 }
{ 39 92 93 94 99 100 101 118 181 184 485 537 539 546 704 709 710 712 914 956 960 1051 1052 1058 1093 1107 1112 1174 1228 1239 1246 1251 }
{ 90 435 1004 1079 1125 1269 1407 1494 1498 }
{ 165 207 261 480 684 783 890 931 1314 }
{ 314 961 1211 1242 1463 1466 }
{ 0 1 8 11 12 13 14 16 17 18 22 24 32 36 53 54 63 73 78 79 104 110 128 141 146 149 153 156 157 198 201 230 232 245 246 250 251 256 268 276 280 285 334 335 337 339 344 346 367 406 430 433 441 442 447 450 456 477 478 493 504 511 518 523 541 550 553 554 562 563 583 590 595 645 672 679 681 691 722 742 747 753 764 771 799 800 821 834 853 864 873 883 902 940 952 981 1000 1002 1010 1014 1017 1021 1030 1040 1063 1141 1149 1151 1163 1180 1213 1237 1249 1279 1286 1360 1379 1413 1418 1421 }
{ 10 75 77 136 137 139 174 281 283 296 298 299 301 303 340 393 401 403 410 415 425 448 487 494 578 631 653 658 699 720 777 780 781 787 827 863 882 892 935 990 992 998 1037 1127 1376 1399 1433 1436 }
{ 48 74 133 135 140 145 215 309 329 412 496 516 532 536 598 729 743 752 761 765 855 888 908 1032 1133 1136 }
{ 41 144 151 183 216 254 333 444 531 540 543 707 723 833 986 1095 1204 1244 1267 1289 1383 }
-------
HAC average of average cluster similarities: 0.37996927392857477
HDC average of average cluster similarities: 0.33857072565719937
Clustering positive agreement: 0.008144888888888889
Clustering negative agreement: 0.9050551111111111
Clustering agreement composite: 0.9132
Clustering disagreement: 0.08679999999999999
