-------
{ 0 1 7 12 13 17 18 22 26 27 28 29 32 34 36 47 50 51 53 71 78 79 94 106 114 115 126 130 132 133 137 139 143 144 146 149 150 152 156 157 163 164 165 174 175 176 178 182 189 191 196 198 201 207 210 212 216 230 232 243 245 247 249 250 251 261 262 268 269 280 281 282 283 284 290 298 301 303 304 316 320 323 330 337 339 340 341 342 346 355 359 367 368 370 375 380 382 384 385 386 390 393 408 410 413 414 415 418 424 425 426 428 430 432 435 437 438 441 442 444 449 450 452 455 457 459 462 463 465 467 474 484 487 488 493 494 496 501 509 510 514 515 521 523 555 556 560 561 562 563 577 578 582 584 591 593 595 598 602 605 611 638 640 645 646 651 657 659 683 684 686 695 700 701 719 720 731 742 747 748 749 752 754 755 765 766 771 773 782 789 796 800 804 807 816 850 855 857 874 879 882 888 889 890 893 894 898 927 929 939 940 946 952 966 975 984 986 990 1002 1009 1010 1016 1018 1023 1028 1034 1049 1065 1073 1093 1101 1127 1128 1135 1150 1165 1168 1171 1205 1210 1241 1253 1268 1325 1329 1334 1337 1347 1374 }
{ 2 19 37 38 59 76 124 151 177 186 187 190 199 228 238 299 365 371 401 460 470 499 500 528 530 548 549 604 607 625 628 658 725 728 729 786 809 810 823 848 862 932 1130 1183 1238 1255 1270 1351 }
{ 3 195 197 242 271 319 334 335 338 434 458 490 506 586 601 632 647 671 687 744 750 774 776 794 861 875 881 884 892 914 931 938 974 985 991 996 1029 1046 1067 1068 1069 1139 1140 1172 1202 1213 1306 1339 1372 1409 1441 1443 1480 }
{ 4 127 214 274 277 353 403 417 419 464 526 608 653 669 693 730 844 880 883 896 970 987 1003 1012 1021 1025 1137 1142 1154 1177 1252 1261 1309 1418 1433 1436 1447 1461 }
{ 5 30 105 108 154 244 293 331 431 453 891 926 1013 1051 1091 1149 1327 1470 }
{ 6 43 52 110 131 147 168 231 275 322 361 369 373 377 381 397 406 411 427 439 497 520 522 535 543 559 574 622 641 649 650 702 758 802 808 813 835 846 867 876 905 943 993 997 1031 1033 1071 1105 1108 1117 1123 1152 1164 1166 1169 1173 1214 1227 1229 1230 1231 1256 1273 1276 1287 1290 1294 1295 1303 1335 1340 1345 1368 1391 1410 1412 1414 1417 1419 1422 1457 1460 1471 1472 1493 }
{ 8 16 20 54 63 65 101 135 140 141 145 153 167 241 255 256 285 354 412 446 447 456 477 532 553 554 581 583 594 679 681 705 743 751 753 756 764 799 885 917 972 1008 1032 1052 1136 1151 1286 1367 1371 1379 1383 }
{ 9 142 257 258 259 260 263 264 266 276 291 328 348 396 400 402 409 421 423 440 508 524 533 579 588 589 660 735 840 841 847 895 971 977 1022 1027 1121 1265 1404 1406 1408 }
{ 10 31 62 119 158 267 378 678 699 817 878 981 992 1005 1064 1125 1266 1272 1332 1336 1395 1411 }
{ 11 200 235 236 237 254 273 287 332 333 362 366 399 407 436 445 466 468 473 491 629 648 689 692 717 718 727 736 737 740 763 769 814 824 854 860 873 887 897 928 937 948 955 973 976 988 1024 1075 1080 1081 1109 1129 1133 1218 1225 1233 1235 1254 1267 1271 1358 1359 1373 1402 1440 }
{ 14 278 279 286 289 398 422 454 461 492 504 507 566 575 587 590 721 724 726 741 768 837 838 839 843 853 863 870 886 982 1007 1015 1120 1143 1144 1157 1215 1269 1274 1299 1393 1401 1405 1420 1423 1430 1434 1437 1444 }
{ 15 148 160 166 294 476 489 558 569 592 596 715 757 760 762 849 856 871 899 978 983 994 1001 1004 1006 1019 1126 1134 1145 1146 1156 1212 1257 1260 1264 1281 1292 1298 1300 1304 1341 1353 1357 1396 1424 1425 1426 1428 1432 1438 }
{ 21 23 24 25 35 66 74 83 107 109 111 125 128 134 155 202 203 204 205 206 209 246 272 292 300 321 324 325 326 327 357 360 395 480 486 511 512 516 517 518 519 542 568 643 663 666 672 674 675 676 745 761 772 790 791 792 793 811 812 821 865 866 908 909 911 913 934 1000 1045 1050 1184 1186 1199 1321 1322 1323 1338 1442 1448 1478 }
{ 33 40 60 91 185 192 193 312 315 547 610 654 662 716 851 859 944 980 1111 1228 1262 1263 1403 1453 1456 }
{ 39 46 179 180 181 314 546 616 706 1246 }
{ 41 58 69 81 88 98 170 183 184 188 211 309 310 311 502 529 538 599 606 609 612 613 704 710 714 785 833 834 842 979 1037 1096 1179 1236 1240 1244 1376 1380 1384 1390 }
{ 42 44 49 92 95 96 99 102 104 221 223 224 248 313 387 388 448 478 482 539 541 551 614 618 620 626 708 709 713 798 828 836 901 922 964 965 967 969 1056 1061 1063 1106 1115 1181 1200 1237 1239 1242 1311 1370 1375 1381 }
{ 45 84 162 307 1035 1250 1251 1378 1389 }
{ 48 87 89 100 103 215 219 240 305 306 317 318 336 343 351 352 471 483 485 537 550 615 619 621 665 667 670 697 698 711 712 784 795 820 825 829 830 912 916 918 920 956 958 960 962 1036 1089 1092 1098 1100 1112 1232 1249 1328 1366 1369 1385 1387 1454 1467 }
{ 55 56 57 136 159 233 239 344 363 416 631 682 691 935 1099 1107 1174 1348 1386 }
{ 61 138 345 379 429 498 503 505 567 570 571 597 723 954 1020 1153 1170 1259 1283 1284 1289 1319 1392 1394 1397 1415 1450 1477 }
{ 64 116 117 118 213 349 356 479 481 585 664 680 797 801 815 924 925 959 1054 1058 1116 1176 1192 1194 }
{ 67 72 73 75 77 80 112 172 227 297 391 513 525 656 661 778 783 900 902 1038 1040 1041 1043 1180 1201 1245 1382 1399 1452 1455 1476 }
{ 68 70 169 171 173 226 296 302 358 374 389 392 652 655 777 780 781 787 904 906 947 1039 1312 1313 1315 1317 1318 1451 }
{ 82 707 831 }
{ 85 552 696 818 953 1087 1226 1364 1499 }
{ 86 253 1090 }
{ 90 308 545 827 852 961 968 1104 1113 1114 1247 }
{ 93 97 433 580 858 1158 }
{ 113 540 544 623 673 690 703 788 930 1042 1044 1314 1464 }
{ 120 218 220 347 372 383 668 921 1191 1197 1465 }
{ 121 222 295 350 617 639 642 644 919 1055 1057 1059 1062 1189 1195 1248 1301 1326 1330 1343 1421 1468 1469 1473 1486 }
{ 122 217 }
{ 123 265 565 573 600 688 746 819 998 1030 1048 1060 1066 1070 1147 1148 1155 1162 1190 1206 1275 1277 1279 1280 1282 1285 1288 1291 1293 1302 1305 1307 1331 1398 1413 1431 1435 1445 1446 1462 1475 1479 1481 1485 }
{ 129 252 329 }
{ 161 469 472 627 630 633 634 635 636 732 733 734 738 739 936 942 949 950 951 1076 1077 1078 1079 1082 1083 1084 1085 1086 1209 1217 1219 1221 1222 1223 1224 1278 1349 1350 1354 1355 1356 1360 1361 1362 1363 1487 1488 1490 1492 1494 1496 1497 1498 }
{ 194 404 443 557 564 576 603 637 770 775 803 805 806 869 915 1047 1161 1175 1188 1196 1333 }
{ 208 229 234 270 364 475 941 945 1072 1193 1207 1220 1344 1352 1474 1483 1491 1495 }
{ 225 1365 }
{ 288 845 868 995 1167 1211 1484 }
{ 376 495 685 933 1118 1203 1204 1243 1258 1388 1439 1463 }
{ 394 624 677 694 903 907 957 1316 1458 }
{ 405 451 722 872 963 1132 1324 1416 1449 }
{ 420 767 910 923 989 999 1011 1017 1026 1053 1074 1124 1131 1159 1160 1185 1296 1310 1320 1346 1407 1427 1429 1459 1466 1482 }
{ 527 779 1208 1342 }
{ 531 572 822 864 877 1014 1122 1141 1163 1297 1308 1400 1489 }
{ 534 536 1094 1095 1097 1102 }
{ 759 1088 1103 1119 1138 1178 1182 1187 1198 1216 1234 }
{ 826 832 }
{ 1110 1377 }
-------
{ 1 25 28 30 31 33 34 36 52 66 74 75 109 110 114 115 130 134 163 169 176 198 203 204 206 209 212 226 229 230 232 238 244 245 251 269 280 282 289 297 300 301 302 303 320 321 323 327 337 355 358 359 360 374 380 384 386 389 433 442 467 484 501 514 516 517 518 519 524 560 568 590 593 638 651 652 656 657 663 676 695 722 742 745 773 780 782 787 791 792 796 804 810 812 816 821 850 866 906 909 911 913 914 919 926 932 939 940 944 1045 1049 1059 1097 1121 1186 1205 1318 1334 1337 1448 }
{ 62 64 67 131 361 373 377 381 411 427 439 522 574 585 592 619 622 649 650 665 668 706 715 746 757 759 766 806 808 815 819 861 864 867 868 873 876 884 890 905 943 963 987 993 996 1005 1006 1014 1020 1026 1027 1030 1031 1033 1035 1058 1060 1081 1105 1117 1141 1152 1155 1162 1163 1164 1169 1173 1184 1188 1189 1190 1195 1197 1206 1218 1227 1230 1251 1256 1273 1275 1276 1279 1281 1282 1283 1284 1285 1287 1289 1290 1291 1292 1293 1294 1295 1297 1298 1302 1303 1304 1305 1308 1309 1320 1336 1340 1343 1368 1391 1410 1413 1414 1419 1431 1433 1435 1439 1445 1459 1462 1465 1468 1469 1471 1472 1477 1479 1481 1485 1493 }
{ 119 121 346 350 465 557 644 795 1095 1175 1324 1329 1470 1486 }
{ 4 7 8 9 14 51 61 112 138 145 160 167 266 285 335 399 407 419 423 456 488 554 558 569 588 596 608 735 755 760 841 844 849 853 899 910 952 982 994 997 1000 1025 1028 1085 1086 1126 1137 1146 1156 1177 1257 1269 1300 1314 1349 1394 1396 1400 1406 1408 1420 1424 1426 1436 1438 1490 }
{ 235 236 332 362 469 627 629 635 636 690 702 734 736 737 739 817 948 950 1075 1088 1109 1224 1235 1350 1354 1355 1359 1488 }
{ 390 404 443 805 959 995 1047 1115 1313 1319 1392 1393 1405 1444 }
{ 617 920 1100 1118 1326 1330 1464 1466 1473 }
{ 0 2 5 11 12 13 15 16 17 18 20 22 24 26 32 35 38 48 53 56 57 63 65 76 78 79 101 106 123 126 128 132 133 137 139 146 149 150 152 153 157 158 159 164 174 175 177 189 191 196 199 201 210 215 228 233 239 241 246 247 250 258 263 265 267 268 274 276 281 284 290 298 319 328 330 333 336 339 341 344 347 363 367 370 376 379 382 402 403 408 409 410 413 414 425 426 430 440 441 449 450 452 455 459 463 474 490 494 496 499 500 504 507 509 510 523 533 548 549 556 562 563 577 579 581 582 583 584 587 594 595 597 598 601 602 605 611 631 640 645 646 648 653 681 682 686 691 693 700 701 703 716 718 720 728 729 730 743 747 749 752 753 754 756 764 765 771 800 807 822 823 840 843 846 855 857 874 875 878 879 882 883 885 886 889 892 908 917 927 931 933 935 966 971 972 975 977 981 983 990 992 999 1002 1008 1009 1012 1021 1022 1023 1032 1071 1098 1101 1127 1128 1129 1136 1150 1151 1165 1168 1172 1202 1207 1210 1228 1232 1241 1253 1261 1265 1268 1280 1347 1370 1371 1374 1376 1411 1447 }
{ 366 466 924 945 1072 1078 1352 1362 1474 1483 }
{ 105 216 217 242 283 436 454 462 492 511 570 573 591 632 672 721 758 793 839 854 863 865 898 937 954 1001 1010 1013 1133 1144 1215 1267 1299 1321 1345 1423 1442 }
{ 10 54 108 272 431 453 480 881 1263 1266 1397 }
{ 295 420 923 1158 1167 1333 1427 1437 }
{ 116 135 136 140 141 254 256 273 329 412 416 418 432 434 446 477 530 532 578 623 625 658 667 679 786 809 814 860 887 897 928 955 976 986 1052 1057 1091 1208 1234 1244 1367 1402 1458 }
{ 40 44 58 69 72 81 87 88 89 90 91 98 100 102 103 168 170 171 188 211 227 240 305 311 315 317 318 451 485 502 529 547 550 606 609 612 615 659 661 662 684 697 705 708 714 778 781 827 830 833 842 916 918 968 979 1036 1043 1063 1065 1114 1179 1201 1236 1239 1312 1366 1375 1385 1386 1387 1399 1452 1454 1455 }
{ 220 249 378 471 527 551 628 637 851 929 984 1015 }
{ 400 520 565 576 603 770 891 895 1003 1064 1259 1484 1494 }
{ 122 231 234 237 473 543 544 689 692 699 707 832 835 941 1080 1193 1220 1225 1233 1315 1351 1358 1491 1495 }
{ 84 92 218 219 313 314 478 482 539 618 620 670 709 713 836 921 967 1191 1242 1247 }
{ 6 144 147 148 161 166 207 257 260 262 264 291 334 342 460 487 493 506 508 536 575 589 630 719 731 751 761 767 779 845 847 856 894 946 949 951 991 1066 1070 1084 1124 1131 1185 1212 1219 1344 1360 1417 }
{ 1103 1119 1178 1187 1198 1216 }
{ 37 95 97 181 308 351 352 483 624 694 711 788 798 961 1106 1237 1238 1248 1379 1467 }
{ 45 55 142 162 178 287 293 304 306 401 421 435 437 444 476 503 540 678 717 741 748 772 831 1044 1051 1053 1074 1076 1090 1139 1166 1204 1213 1383 }
{ 19 113 127 143 165 243 288 299 340 349 364 438 457 475 531 599 647 848 1069 1183 1348 1378 }
{ 3 259 348 417 571 580 600 799 989 1018 1159 1160 1170 1203 1222 1274 1286 1288 1296 1307 1310 1357 1395 1398 1404 1407 1434 1450 }
{ 277 564 669 688 803 858 869 896 915 }
{ 117 271 354 479 775 824 1055 1116 1161 }
{ 50 82 125 180 325 343 371 545 675 698 958 1104 1249 1380 }
{ 23 27 124 129 208 252 255 275 322 353 365 397 406 415 448 458 470 497 505 534 535 541 586 641 664 687 744 774 797 802 825 852 880 1048 1099 1110 1123 1125 1154 1176 1194 1214 1229 1231 1245 1252 1322 1328 1335 1382 1384 1412 1443 1446 1457 1460 1475 1496 }
{ 200 286 396 555 561 838 1029 1120 1122 1140 1211 1258 1272 1373 1401 1430 1463 1480 }
{ 39 43 46 94 183 184 307 309 316 369 616 704 828 834 862 1037 1113 1240 1246 1377 1389 1390 }
{ 261 391 398 424 498 726 789 985 1062 1196 1306 1323 1325 1341 1353 1409 1415 1422 1429 1441 }
{ 118 225 356 372 537 712 820 826 829 1092 }
{ 85 552 696 818 953 1087 1226 1364 }
{ 21 41 42 49 99 104 224 248 310 538 613 614 922 962 964 965 969 1061 1108 1112 1381 }
{ 47 187 193 312 495 604 607 859 1130 1243 1250 1255 1270 1388 }
{ 96 120 179 192 194 383 546 626 790 957 960 1017 1056 1089 1107 1192 }
{ 872 1132 1332 1499 }
{ 71 73 223 387 388 395 525 542 654 783 901 902 904 1038 1039 1040 1041 1180 1181 1199 1200 1311 1451 }
{ 270 294 405 472 572 633 634 732 738 762 871 942 978 998 1004 1019 1073 1077 1079 1134 1138 1142 1145 1147 1148 1217 1221 1223 1277 1278 1356 1361 1363 1416 1425 1428 1449 1476 1487 1489 1492 1498 }
{ 221 222 1301 1331 1346 1482 }
{ 59 68 77 172 173 394 526 }
{ 83 111 182 186 195 197 202 338 385 392 393 512 513 515 528 671 673 685 710 725 794 813 980 1046 1096 1339 }
{ 60 70 93 185 190 296 324 326 610 621 655 777 785 900 947 1111 1262 1403 1453 }
{ 559 642 769 938 1068 1083 1209 1365 }
{ 279 723 750 768 837 1094 1102 1157 1260 1264 1432 }
{ 107 154 155 156 205 213 214 292 331 357 375 422 429 447 481 486 521 639 643 660 666 674 683 801 811 877 912 925 934 956 974 1016 1034 1050 1054 1067 1093 1135 1149 1171 1174 1327 1338 1369 1372 1421 1478 }
{ 80 253 278 461 553 566 680 870 1007 1042 1143 }
{ 29 86 677 784 903 907 930 1182 1316 1456 }
{ 445 464 468 724 727 733 740 763 776 893 936 970 973 988 1011 1024 1082 1271 1342 1440 1461 1497 }
{ 151 345 368 428 489 491 567 888 1153 1254 1317 1418 }
-------
HAC average of average cluster similarities: 0.37996927392857477
HDC average of average cluster similarities: 0.30621772079620263
Clustering positive agreement: 0.011988444444444444
Clustering negative agreement: 0.9054177777777778
Clustering agreement composite: 0.9174062222222222
Clustering disagreement: 0.08259377777777777
